Title = "Nombre d'onde, PSE linéaire - Jet compressible - Rans Francisco n = 0, st =  1.1000"
Variables = x, Re(alpha), Im(alpha), abs(alpha), Re(int(alpha)), Im(int(alpha)), C<sub>ph</sub>, sigma, N
Zone T = "_FrancSt1_0Case_7 nombre d'onde PSE",I = 201, F = point
   0.0000000000000000        11.936046203730021       -2.6542969836680657        12.227611845944704        0.0000000000000000        0.0000000000000000       0.57904466185274128        2.6542969836680657        0.0000000000000000     
  0.10000000000000001        10.828695266615627       -2.9113038724214375        11.213221277349330        1.1382370735172824      -0.27828004280447516       0.63825822665869969        3.7549743380603773       0.24755525086008459     
  0.20000000000000001        11.359695187344922       -2.4114072239059894        11.612818759840065        2.2476565962153101      -0.54441559762084646       0.60842335326014652        3.4933270988507070       0.55262886772481590     
  0.29999999999999999        11.420663571085537       -2.0804259713822075        11.608605800281181        3.3866745341368327      -0.76900725738525622       0.60517532933864415        2.9314874038026661       0.82669902543419715     
  0.40000000000000002        11.320062894709906       -1.5678830266936254        11.428126754879033        4.5237108574266056      -0.95142270728904788       0.61055348386159858        3.0822154868125917        1.0561446007264015     
  0.50000000000000000        11.298812642650104       -1.2167542730956251        11.364139126867741        5.6546546342946060       -1.0906545722785104       0.61170178287658306        2.1959514174022110        1.2745715180615453     
  0.59999999999999998        11.092889280262353      -0.87518161724407173        11.127359769834055        6.7742397304402289       -1.1952513667954952       0.62305713716941424        2.2460343374157241        1.4319777264801516     
  0.69999999999999996        10.755001725045222      -0.87737564927443179        10.790729824051079        7.8666342807056076       -1.2828792301214202       0.64263158803616882        1.5526792833800196        1.5825085628721631     
  0.80000000000000004        10.417061457922562      -0.65458205739752817        10.437607344981057        8.9252374398539978       -1.3594771154550183       0.66347922260179137        1.2641072412485224        1.6970532318111315     
  0.90000000000000002        10.183967296881031      -0.49454072749731137        10.195967851807689        9.9552888775941781       -1.4169332546997602       0.67866516421495982       0.67647063543429453        1.7895291472036914     
   1.0000000000000000        10.045167181247770      -0.39240416232514969        10.052828692752472        10.966745601500618       -1.4612804991908832       0.68804268890615183      -0.14797006512250668        1.8464150961544268     
   1.1000000000000001        10.007762643208530      -0.33787183070774435        10.013464460254800        11.969392092723433       -1.4977942988425279       0.69061428456117835      -0.70862926628728884        1.8568115424339990     
   1.2000000000000000        9.6403261102593039      -0.28316455066160412        9.6444838988355759        12.951796530396823       -1.5288461179109953       0.71693672587924950       0.11600561731853247        1.8343052812647145     
   1.3000000000000000        9.5036264473616310      -0.32352330425917725        9.5091315575813873        13.908994158277871       -1.5591805106570344       0.72724910603112958      -0.18216054226768774        1.8528617575259096     
   1.3999999999999999        9.3713015664550081      -0.22937855956241385        9.3741083614938550        14.852740558968701       -1.5868256038481139       0.73751802659276078      -0.78689923144492213        1.8574571705748415     
   1.5000000000000000        9.3342410001183520      -0.16711654016013008        9.3357368743064715        15.788017687297371       -1.6066503588342411       0.74044625993799740       2.31722028263768656E-002   1.8286595614434316     
   1.6000000000000001        9.3596904035423609      -0.16697331962591871        9.3611796553441842        16.722714257480408       -1.6233548518235437       0.73843295450047686      -0.62055116438597357        1.8373312252767460     
   1.7000000000000000        9.2451085026284794      -8.70221835607936089E-002   9.2455180539440356        17.652954202788948       -1.6360546269828793       0.74758493488016220        2.0913422698480035        1.8100299107453239     
   1.8000000000000000        8.9645659868140815      -0.10585085557764030        8.9651908923106838        18.563437927261077       -1.6456982789398009       0.77098030714076171        1.5290894456447619        1.9152144293982662     
   1.8999999999999999        8.8978906749906148      -9.80371070544217710E-002   8.8984307458362863        19.456560760351312       -1.6558926770714040       0.77675755865643248        1.3310443764555602        1.9935330637457860     
   2.0000000000000000        8.9197064169725682      -5.59264341350246552E-002   8.9198817442282650        20.347440614949473       -1.6635908541308764       0.77485777163542280        1.2855730108344565        2.0618247382531982     
   2.1000000000000001        8.9797806440934007      -4.18823795095200346E-002   8.9798783148630630        21.242414968002773       -1.6684812948131036       0.76967401675270342        1.1597118442236825        2.1259844917562889     
   2.2000000000000002        8.9745193819047806      -3.74642617449404761E-002   8.9745975791169972        22.140129969302684       -1.6724486268758265       0.77012523387415388        1.0295709535440687        2.1814473501629701     
   2.2999999999999998        8.7724149217313645       2.76896700962686636E-003   8.7724153587363496        23.027476684484487       -1.6741833916125921       0.78786786757841354       0.92175616316977693        2.2275366131222691     
   2.3999999999999999        8.6544997899587948      -1.67859390612077643E-002   8.6545160686283893        23.898822420068996       -1.6748842402151711       0.79860234625188575       0.71946191126450232        2.2676370510758970     
   2.5000000000000000        8.6693528911098863      -1.14984275891745671E-002   8.6693605164644278        24.765015054122429       -1.6762984585476903       0.79723411017044277       0.65241580075147865        2.2988473505948614     
   2.6000000000000001        8.7522296305621357      -1.92279606672526304E-002   8.7522507516958878        25.636094180206030       -1.6778347779605116       0.78968492939937129       0.57445514299020850        2.3269584014208182     
   2.7000000000000002        8.7784462174315294      -2.54813547527769253E-002   8.7784831999484947        26.512627972605713       -1.6800702437315131       0.78732655719565037       0.50208647765178394        2.3506002873404692     
   2.7999999999999998        8.6801098937490160      -1.19707240940828928E-002   8.6801181481472298        27.385555778164736       -1.6819428476738560       0.79624612159286923       0.45709788370788801        2.3691659056024204     
   2.8999999999999999        8.5981944024048289      -2.26570927139381033E-002   8.5982242541931857        28.249470992972430       -1.6836742385142571       0.80383200407337463       0.35320948695243304        2.3853060921957070     
   3.0000000000000000        8.6243325544552949      -3.40883879125212577E-002   8.6243999227788528        29.110597340815438       -1.6865115125455801       0.80139579431304409       0.27507389823155620        2.3975527976677440     
   3.1000000000000001        8.6959954344768828      -4.32817010808920141E-002   8.6961031446327297        29.976613740262049       -1.6903800169952508       0.79479156698905451       0.19798523376899277        2.4065401276510006     
   3.2000000000000002        8.7239257237755670      -4.62174886728170115E-002   8.7240481480911303        30.847609798174673       -1.6948549764829361       0.79224698338059263       0.25626242935662336        2.4111798149545187     
   3.2999999999999998        8.7015172623537218      -4.15955334369048774E-002   8.7016166805623953        31.718881947481133       -1.6992456275884222       0.79428720641623074       8.86863994851540688E-002   2.4176976116757030     
   3.3999999999999999        8.6957270279368384      -3.92712458912337845E-002   8.6958157049896769        32.588744161995663       -1.7032889665548292       0.79481609941214770      -8.68790490958227801E-002   2.4150149462471386     
   3.5000000000000000        8.7306835073450806      -3.72875005367728982E-002   8.7307631317728269        33.460064688759758       -1.7071169038762295       0.79163376293310050      -7.72999694665727766E-002   2.4029533427480030     
   3.6000000000000001        8.7854134785678575      -3.41358230613232963E-002   8.7854797958801232        34.335869538055405       -1.7106880700561342       0.78670216885730637      -0.14284640481306732        2.3903996919080241     
   3.7000000000000002        8.8090974718741535      -2.27990981390661027E-002   8.8091269753509369        35.215595085577505       -1.7135348161161537       0.78458705445872534      -0.20689163591325890        2.3725912850196909     
   3.7999999999999998        8.8219678351473689      -1.51772754150484232E-002   8.8219808905972918        36.097148350928578       -1.7154336347938595       0.78344242090314653      -0.27113729219504557        2.3495196167872137     
   3.8999999999999999        8.8468695188993856      -7.78323015503704953E-003   8.8468729426336115        36.980590218630915       -1.7165816600723638       0.78123723008829760      -0.32586891595041395        2.3214917692245352     
   4.0000000000000000        8.8823595647842861      -7.46129878726342123E-004   8.8823595961222317        37.867051672815101       -1.7170081280740519       0.77811574587674281      -0.37035363807988081        2.2888971122914308     
   4.0999999999999996        8.9092949428476604       4.49714359451980003E-003   8.9092960778588672        38.756634398196695       -1.7168205773882623       0.77576327669408540      -7.19383505610214358E-002   2.2521776524326094     
   4.2000000000000002        8.9332452969234009       7.56705428249157021E-003   8.9332485018225345        39.648761410185251       -1.7162173674944117       0.77368342726219097       2.15416744729676791E-002   2.2288528498569495     
   4.2999999999999998        8.9592658504056679       9.34678290603883563E-003   8.9592707259350011        40.543386967551704       -1.7153716756349850       0.77143640486844123       6.97377684026633943E-002   2.2090792100769145     
   4.4000000000000004        8.9840162230020297       1.02557079813802698E-002   8.9840220767042780        41.440551071222096       -1.7143915510906140       0.76931114841509607       6.55060238012098173E-002   2.1909960768182142     
   4.5000000000000000        9.0094781511686737       9.56107236083523354E-003   9.0094832243858693        42.340225789930628       -1.7134007120735033       0.76713697751750620       2.07140685105160760E-002   2.1724059646876825     
   4.5999999999999996        9.0350401428721305       8.50819948940154634E-003   9.0350441489109166        43.242451704632664       -1.7124972484809915       0.76496658881478552      -4.46923575434389694E-002   2.1518339880367621     
   4.7000000000000002        9.0608400964381293       8.39592309151603738E-003   9.0608439863373373        44.147245716598185       -1.7116520423519457       0.76278841303186662      -0.13180134130357749        2.1284879474317022     
   4.7999999999999998        9.0833222817278827       8.19418003464613201E-003   9.0833259777639093        45.054453835506486       -1.7108225371956376       0.76090043086997006      -0.21982964542568287        2.1015784248260130     
   4.9000000000000004        9.1106837206844826       8.91214555194911988E-003   9.1106880796503837        45.964154135627112       -1.7099672209163079       0.75861527518576688      -0.30265656702974780        2.0712185038789155     
   5.0000000000000000        9.1401096565026361       1.08453425813724632E-002   9.1401160908572958        46.876693804486465       -1.7089793465096419       0.75617296702566672      -0.39264115174611691        2.0373212101407732     
   5.0999999999999996        9.1680684973249207       1.28297821539575130E-002   9.1680774743100724        47.792102712177837       -1.7077955902728754       0.75386695026484585      -0.47906460535873957        1.9993648511665114     
   5.2000000000000002        9.2003689134007587       1.50375289711225761E-002   9.2003812024257243        48.710524582714129       -1.7064022247166215       0.75122029376785360       4.51755051334922289E-002   1.9573394398559052     
   5.2999999999999998        9.2299532896840528       1.74978009075803555E-002   9.2299698755080488        49.632040692868365       -1.7047754582226864       0.74881243934595587       5.33438016236041299E-003   1.9414242880002002     
   5.4000000000000004        9.2582818724855844       1.93939070986768776E-002   9.2583021852836360        50.556452450976849       -1.7029308728223735       0.74652121560887452      -3.44927226872999010E-002   1.9232270644850176     
   5.5000000000000000        9.2919968790460192       2.05450271786116571E-002   9.2920195920124247        51.483966388553426       -1.7009339261085090       0.74381254404888786      -7.63324586950711176E-002   1.9027156391694948     
   5.5999999999999996        9.3265067703553886       2.13942104393762718E-002   9.3265313085693986        52.414891571023496       -1.6988369642276095       0.74106029278464580      -0.13574293866131568        1.8796201770057004     
   5.7000000000000002        9.3575384670073909       2.19043629628179817E-002   9.3575641041159763        53.349093832891640       -1.6966720355574998       0.73860277061814683      -0.18448620159683890        1.8533469348213905     
   5.7999999999999998        9.3949842897713456       2.23278402958600533E-002   9.3950108215745374        54.286719970730573       -1.6944604253945659       0.73565890316840088      -0.23914214518569915        1.8247648901995257     
   5.9000000000000004        9.4324483119650502       2.35096550937044721E-002   9.4324776099270409        55.228091600817400       -1.6921685506250876       0.73273699566742501      -0.29763610105313631        1.7935672198847836     
   6.0000000000000000        9.4678498618498477       2.55057181965255286E-002   9.4678842170883613        56.173106509508145       -1.6897177819605762       0.72999719458449064      -0.36680413116200961        1.7598209474887390     
   6.0999999999999996        9.5022916734198368       2.86074127932190343E-002   9.5023347357799750        57.121613586271629       -1.6870121254110890       0.72735126172043962      -0.43961549798231131        1.7233639505057932     
   6.2000000000000002        9.5394413974108563       3.30296939207554083E-002   9.5394985788204032        58.073700239813171       -1.6839302700753902       0.72451871655434974      -0.50403383004402147        1.6843740256162325     
   6.2999999999999998        9.5739865299887068       3.89006570147758385E-002   9.5740655594956827        59.029371636183143       -1.6803337525286137       0.72190448735733681      -0.54275729357230240        1.6430377668017329     
   6.4000000000000004        9.6030703929505883       4.56394029544104490E-002   9.6031788448964228        59.988224482330111       -1.6761067495301545       0.71971812712850003      -0.26422774527517595        1.6008665624578988     
   6.5000000000000000        9.6330016243566146       5.30051301035871017E-002   9.6331474523477780        60.950028083195470       -1.6711745228772545       0.71748185118355190      -0.38383177694416193        1.5738312873132092     
   6.5999999999999996        9.6642674259893226       6.04979432102903739E-002   9.6644567815356783        61.914891535712762       -1.6654993692115607       0.71516065659679540      -0.28089241701351914        1.5416150573045468     
   6.7000000000000002        9.6953034264494917       6.70485413858852158E-002   9.6955352630901839        62.882870078334705       -1.6591220449817519       0.71287132892019256      -6.81846791333188262E-002   1.5152501483987073     
   6.7999999999999998        9.7355058340550151       7.17033926881151529E-002   9.7357698833447284        63.854410541359925       -1.6521844482780519       0.70992755340158620       0.14021848655343513        1.5004508891212907     
   6.9000000000000004        9.7821235132534738       7.40628558729077291E-002   9.7824038832572509        64.830292008725351       -1.6448961358500007       0.70654432327841488       0.28198762953165896        1.4962849461332559     
   7.0000000000000000        9.8283021810948270       7.38301813102679588E-002   9.8285794832511595        65.810813293442763       -1.6375014839908419       0.70322459673575444       0.33621242560891729        1.4995257111323683     
   7.0999999999999996        9.8806977692992692       7.11818600331843437E-002   9.8809541677630168        66.796263290962457       -1.6302508819236694       0.69949552139653226       0.31507193866042149        1.5061124075651637     
   7.2000000000000002        9.9402004681855765       6.67540787663717661E-002   9.9404246113910393        67.787308202836698       -1.6233540849836916       0.69530829483956369       0.24564384337089470        1.5119018280761254     
   7.2999999999999998        10.002434018336229       6.12802072402063580E-002   10.002621734073985        68.784439927162779       -1.6169523706833626       0.69098219745589295       0.15066978386457899        1.5145812495852522     
   7.4000000000000004        10.071484967796128       5.54523586026543641E-002   10.071637623575322        69.788135876469397       -1.6111157423912195       0.68624476529501699       4.63844201151573099E-002   1.5131360421266045     
   7.5000000000000000        10.147128108854492       5.02548829812148393E-002   10.147252554793756        70.799066530301928       -1.6058303803120260       0.68112906073064106      -5.29665231952175311E-002   1.5068558218414310     
   7.5999999999999996        10.225826190600424       4.64049744767960001E-002   10.225931483343009        71.817714245274672       -1.6009973874391255       0.67588708326087121      -0.15129691223515809        1.4958728370003307     
   7.7000000000000002        10.308268138891902       4.40533340819929398E-002   10.308362271454067        72.844418961749298       -1.5964744720111861       0.67048157311908119      -0.25010193906419126        1.4804929389335975     
   7.7999999999999998        10.398582395146715       4.33584048521823279E-002   10.398672789348000        73.879761488451223       -1.5921038850644773       0.66465827506673625      -0.34436016775288197        1.4609529792862059     
   7.9000000000000004        10.494018117205783       4.45733146079142634E-002   10.494112779297655        74.924391514068859       -1.5877072990914725       0.65861367501982693      -0.43305531222413357        1.4368552176551725     
   8.0000000000000000        10.587333148811952       4.73809441704832260E-002   10.587439169024911        75.978459077369735       -1.5831095861525526       0.65280876125760845      -0.51891664586178687        1.4088827800214778     
   8.0999999999999996        10.690232092689081       5.13810226951907645E-002   10.690355569626895        77.042337339444785       -1.5781714878092690       0.64652514351154622      -0.59028365630080515        1.3774800378313390     
   8.1999999999999993        10.794779294305387       5.63690359984806086E-002   10.794926469457016        78.116587908794500       -1.5727839848745855       0.64026356162219999      -0.63245291532835302        1.3424138556371910     
   8.3000000000000007        10.892498328906454       6.16381115055218490E-002   10.892672725370016        79.200951789955113       -1.5668836274993854       0.63451961425193282      -5.26263406638381032E-002   1.3055610457518012     
   8.4000000000000004        10.998851183151299       6.64724649414806523E-002   10.999052047231348        80.295519265557999       -1.5604780986770352       0.62838415783686596      -0.12136185549447850        1.2985554631269838     
   8.5000000000000000        11.106550509348009       7.09838331993337124E-002   11.106777341842871        81.400789350182961       -1.5536052837699945       0.62229076724410215      -0.19287742901701491        1.2878811361099174     
   8.5999999999999996        11.206741113985910       7.44952093846604074E-002   11.206988709377885        82.516453931349659       -1.5463313316407947       0.61672735789997435      -0.25535539431272841        1.2739022071258415     
   8.6999999999999993        11.315066223133499       7.66616689343756902E-002   11.315325918654770        83.642544298205621       -1.5387734877248429       0.61082310095252201      -0.30767168687925700        1.2575508080139521     
   8.8000000000000007        11.427684360962299       7.77288380596857925E-002   11.427948705959807        84.779681827410428       -1.5310539623751398       0.60480352970788076      -0.35550067259092821        1.2383387984976808     
   8.9000000000000004        11.533522140326765       7.75221385871276147E-002   11.533782668464791        85.927742152474877       -1.5232914135427991       0.59925352843704094      -0.38971672130516055        1.2168868798679198     
   9.0000000000000000        11.647126049209296       7.59989726066387372E-002   11.647373998030931        87.086774561951671       -1.5156153579831109       0.59340852058235916       2.05056778878772127E-002   1.1943463499951339     
   9.0999999999999996        11.765294331578735       7.37596050161886951E-002   11.765525538113922        88.257395580991073       -1.5081274291019695       0.58744844311685995       2.38965042516862229E-002   1.1921293160185280     
   9.1999999999999993        11.877371263153536       7.08649546724490625E-002   11.877582665028527        89.439528860727677       -1.5008962011175377       0.58190517790234386       2.90448596778429026E-003   1.1900547687744083     
   9.3000000000000007        11.991874811536617       6.75795429235819534E-002   11.992065230400813        90.632991164462197       -1.4939739762377362       0.57634889844317161      -3.63386597664904429E-002   1.1873261075338102     
   9.4000000000000004        12.113532589997609       6.42746990098412990E-002   12.113703110356758        91.838261534538901       -1.4873812641410651       0.57056055172580422      -8.62198840522354210E-002   1.1829348762699528     
   9.5000000000000000        12.234559318713274       6.13873802052405590E-002   12.234713324535326        93.055666129974441       -1.4810981601803110       0.56491645165560722      -0.14112295108033521        1.1757285425938371     
   9.5999999999999996        12.350703523674735       5.89295662120546057E-002   12.350844109755634        94.284929272093834       -1.4750823128594464       0.55960406017754927      -0.19649822747055304        1.1660823991844023     
   9.6999999999999993        12.476655307472534       5.69189977246027795E-002   12.476785140162690        95.526297213651191       -1.4692898846626135       0.55395485950133605      -0.24773780661172237        1.1543165527053074     
   9.8000000000000007        12.603679230754461       5.59452122457353151E-002   12.603803394948866        96.780313940562564       -1.4636466741640966       0.54837192468629814      -0.30093409541289734        1.1394812263812206     
   9.9000000000000004        12.722823647330745       5.57030791553357538E-002   12.722945586384695        98.046639084466818       -1.4580642595940430       0.54323662965709518      -0.35427493707356128        1.1222901904175977     
   10.000000000000000        12.851909151822785       5.60503184051099959E-002   12.852031375813691        99.325375724424489       -1.4524765897160208       0.53778032168219059       4.27279903481778342E-002   1.1030909949452405     
   10.100000000000000        12.979021798742078       5.73024457861090533E-002   12.979148293417220        100.61692227195273       -1.4468089515064599       0.53251346249895393       2.57734583163008908E-002   1.1034657395592666     
   10.199999999999999        13.110154458877881       5.92035274645946047E-002   13.110288135403426        101.92138108483373       -1.4409836528439248       0.52718706401031312      -5.38861332997384035E-003   1.1026966563855045     
   10.300000000000001        13.221674049367881       6.10025301443366183E-002   13.221814776210262        103.23797251024604       -1.4349733499634783       0.52274044966552324      -2.46359639481310948E-002   1.1018144010906608     
   10.400000000000000        13.367798163667032       6.36623705446425214E-002   13.367949754616937        104.56744612089778       -1.4287401049290294       0.51702634594548613      -7.69015335278345896E-002   1.0983269670619022     
   10.500000000000000        13.467325860872755       6.60543633643162487E-002   13.467487851186336        105.90920232212477       -1.4222542682335815       0.51320536157648478      -0.10259839803936298        1.0931007271852951     
   10.600000000000000        13.611483639507110       6.76858374194614920E-002   13.611651929180267        107.26314279714376       -1.4155672581943926       0.50777005805869813      -0.12438972861776924        1.0883330887189802     
   10.699999999999999        13.754920536870973       7.02748380412460544E-002   13.755100055197584        108.63146300596266       -1.4086692244213572       0.50247501026056840      -0.18002243424809997        1.0803659892707402     
   10.800000000000001        13.843980700086224       7.27850177862096326E-002   13.844172033139937        110.01140806781054       -1.4015162316299843       0.49924252190372520      -0.22908114998126028        1.0684786497597745     
   10.900000000000000        13.947848983747312       7.31333511206137127E-002   13.948040714038193        111.40099955200220       -1.3942203131846431       0.49552471108277374      -0.22677361883636085        1.0579512874603394     
   11.000000000000000        14.143174407454028       7.27935984815626103E-002   14.143361737141651        112.80555072156227       -1.3869239657045342       0.48868122804558656      -0.24171026950092928        1.0485500703085016     
   11.100000000000000        14.295305485496163       7.42887116251073620E-002   14.295498513040096        114.22747471620977       -1.3795698501992009       0.48348066747575774      -0.31427158145344652        1.0337545362528939     
   11.199999999999999        14.378201677370861       7.44614473229581325E-002   14.378394485556711        115.66115007435312       -1.3721323422517977       0.48069320440644669      -0.34395597324728522        1.0160795410585843     
   11.300000000000001        14.476372127420635       7.35811543098309068E-002   14.476559127010486        117.10387876459271       -1.3647302121701581       0.47743341888856378      -0.36243387479445927       0.99801411317088651     
   11.400000000000000        14.568282596715768       7.27571818778456059E-002   14.568464278203326        118.55611150079952       -1.3574132953607743       0.47442131850570057      -0.39185515247534186       0.97808164818654175     
   11.500000000000000        14.657340943282369       7.08195557713632573E-002   14.657512030938310        120.01739267779942       -1.3502344584783139       0.47153872347256609      -0.39291500607068541       0.95798649084528464     
   11.600000000000000        14.809012774239061       6.74056273173928994E-002   14.809166177275808        121.49071036367549       -1.3433231993238761       0.46670929002913786      -0.36290946948765984       0.94055960439186803     
   11.699999999999999        15.019307654427099       6.43488036806505875E-002   15.019445501977348        122.98212638510880       -1.3367354777739739       0.46017459638762426      -0.34521190603114860       0.92428917172130953     
   11.800000000000001        15.204006922481007       6.26381289418852377E-002   15.204135951577376        124.49329211395423       -1.3303861311428471       0.45458436536739744      -0.34994063199784725       0.90629253543822585     
   11.900000000000000        15.319462810166328       6.13021280395258314E-002   15.319585462504245        126.01946560058659       -1.3241891182937766       0.45115836785810282      -0.34879910366987837       0.88678082480866216     
   12.000000000000000        15.394675118416542       5.96169915763943292E-002   15.394790553537193        127.55517249701572       -1.3181431623129807       0.44895418608927723      -0.32865612118072174       0.86753306957853671     
   12.100000000000000        15.466868766855411       5.75026916898293133E-002   15.466975658178265        129.09824969127931       -1.3122871781496694       0.44685863325539371      -0.28841803554301904       0.85006690303252330     
   12.199999999999999        15.563489575588441       5.50467880534035656E-002   15.563586923274631        130.64976760840150       -1.3066597041625079       0.44408445832985549      -0.22975712326881834       0.83575806175470391     
   12.300000000000001        15.709437207037670       5.23234833103473351E-002   15.709524343810198        132.21341394753284       -1.3012911905943203       0.43995871696799305      -0.15824459183563411       0.82597944225439113     
   12.400000000000000        15.911043182626971       5.00287530204430522E-002   15.911121834602014        133.79443796701608       -1.2961735787777808       0.43438407894236081      -9.69327166269101093E-002  0.82051789926186558     
   12.500000000000000        16.133958992536002       4.87716663369892334E-002   16.134032708788915        135.39668807577422       -1.2912335578099092       0.42838238532123402      -6.14180545989893509E-002  0.81756281940969056     
   12.600000000000000        16.331630077678593       4.87325248777872450E-002   16.331702784863467        137.01996752928494       -1.2863583482491705       0.42319742763117735      -5.38541918311191276E-002  0.81490370617692198     
   12.699999999999999        16.473294197512761       4.93674093855217613E-002   16.473368169834519        138.66021374304449       -1.2814533515360051       0.41955808929467714      -5.90736881524270840E-002  0.81149688123046926     
   12.800000000000001        16.572422980635736       5.00982507175903868E-002   16.572498703690655        140.31249960195194       -1.2764800685308495       0.41704848144253759      -6.42177348210813681E-002  0.80760180998582543     
   12.900000000000000        16.655417647773696       5.07936452043346032E-002   16.655495099701017        141.97389163337240       -1.2714354737347533       0.41497031080582936      -6.67918257493377299E-002  0.80377269489227876     
   13.000000000000000        16.746827812746787       5.14762445084148285E-002   16.746906926162158        143.64400390639841       -1.2663219792491158       0.41270525470124436      -6.80843348975972290E-002  0.80038626416444769     
   13.100000000000000        16.852221548594848       5.24638884191588259E-002   16.852303212988797        145.32395637446550       -1.2611249726027371       0.41012419745180911      -7.50855641501375209E-002  0.79712099037570094     
   13.199999999999999        16.962615660232842       5.38139753825237557E-002   16.962701022558964        147.01469823490689       -1.2558110794126531       0.40745507510972356      -8.81899249959650494E-002  0.79344688476438818     
   13.300000000000001        17.068032078887835       5.55224502285900159E-002   17.068122386144985        148.71623062186293       -1.2503442581320974       0.40493853104756433      -0.10702101355497984       0.78887825803070610     
   13.400000000000000        17.160400279638804       5.74611384086818819E-002   17.160496482906744        150.42765223978927       -1.2446950787002338       0.40275889403921417      -0.12839374934933226       0.78315847837123498     
   13.500000000000000        17.245112989372732       5.93154881838351203E-002   17.245214998467564        152.14792790323983       -1.2388562473706080       0.40078043223936816      -0.14660062711155880       0.77655738898042637     
   13.600000000000000        17.336094495798292       6.09374359368747912E-002   17.336201594880766        153.87698827749838       -1.2328436011645725       0.39867709763422610      -0.16023947876899491       0.76952282701041308     
   13.699999999999999        17.447952800918543       6.21912088563723597E-002   17.448063637250417        155.61619064233423       -1.2266871689249101       0.39612119064958107      -0.16813750691247811       0.76254621012375445     
   13.800000000000001        17.595757863528480       6.29752752021965206E-002   17.595870557526023        157.36837617555662       -1.2204288447219815       0.39279375696703189      -0.17043997027114366       0.75609636645916045     
   13.900000000000000        17.783243879553890       6.35451392022697986E-002   17.783357412603703        159.13732626271073       -1.2141028240017582       0.38865259255899759      -0.17362498849144178       0.75007016093532775     
   14.000000000000000        17.996630537674854       6.40816966671444443E-002   17.996744627110171        160.92631998357217       -1.2077214822082876       0.38404432559910212      -0.18041776757010025       0.74400799186567712     
   14.100000000000000        18.218706731306682       6.46583362356746294E-002   18.218821467422206        162.73708684702123       -1.2012844805631466       0.37936303272399396      -0.19151756701286454       0.73742941208187596     
   14.199999999999999        18.430834233375702       6.53799149734409085E-002   18.430950194481447        164.56956389525536       -1.1947825680026909       0.37499679886338322      -0.20811362878337872       0.72980035767189788     
   14.300000000000001        18.613169285119845       6.63024509512162297E-002   18.613287373581564        166.42176407118015       -1.1881984497064579       0.37132332124776268      -0.23012542305334546       0.72059809403732822     
   14.400000000000000        18.756906646396892       6.71269134431970033E-002   18.757026762367119        168.29026786775597       -1.1815269814867373       0.36847780757202897      -0.25196313901837875       0.70976293291350878     
   14.500000000000000        18.869082024877347       6.76581163871288471E-002   18.869203323994959        170.17156730131967       -1.1747877299952210       0.36628723266904512      -0.27161696709829286       0.69752399488770023     
   14.600000000000000        18.959208416396336       6.78241050138559814E-002   18.959329731970342        172.06298182338335       -1.1680136189251717       0.36454601300338713      -4.92178986389785536E-003  0.68413221852897077     
   14.699999999999999        19.037153501191547       6.75551122867655701E-002   19.037273363618166        173.96279991926275       -1.1612446580601408       0.36305342799620494      -1.49268938171584261E-002  0.68405645901745682     
   14.800000000000001        19.113291697648620       6.67852628328255982E-002   19.113408377124561        175.87032217920478       -1.1545276393041610       0.36160719708724071      -1.98154341546411955E-002  0.68362590002958767     
   14.900000000000000        19.196834644294121       6.55489883461855966E-002   19.196946554862421        177.78582849630192       -1.1479109267452106       0.36003351416853785      -2.05586304502635778E-002  0.68315617088341873     
   15.000000000000000        19.289745094762015       6.39952322994552791E-002   19.289851249054575        179.71015748325470       -1.1414337157129286       0.35829938674380474      -2.01017497322684910E-002  0.68277790984374065     
   15.100000000000000        19.390176900737863       6.21879880529593032E-002   19.390276624838705        181.64415358302969       -1.1351245546953079       0.35644356796118448      -2.03854740155410691E-002  0.68252017063048642     
   15.199999999999999        19.496297065458478       6.01808839290068551E-002   19.496389947972300        183.58847728133949       -1.1290061110962097       0.35450341235016536      -2.20120023281061630E-002  0.68232731791268797     
   15.300000000000001        19.606262177897978       5.80331025265544559E-002   19.606348064580043        185.54360524350733       -1.1230954117734315       0.35251511864861435      -2.53685676982383958E-002  0.68211069593858242     
   15.400000000000000        19.718172370908778       5.58083419758733032E-002   19.718251347923943        187.50982697094767       -1.1174033395483101       0.35051442435377217      -3.08210579445701571E-002  0.68176139235065336     
   15.500000000000000        19.830243732665377       5.35526456057663497E-002   19.830316043441311        189.48724777612637       -1.1119352901692281       0.34853347901682963       7.73437318659799533E-002  0.68116648409884517     
   15.600000000000000        19.942651213247554       5.12436577773659335E-002   19.942717049732881        191.47589252342200       -1.1066954750000715       0.34656895735639975       5.44819336429992959E-002  0.68604069580506843     
   15.699999999999999        20.057451392022422       4.88814045655893703E-002   20.057510955625936        193.47589765368551       -1.1016892218829237       0.34458534650351952       2.62628781250356519E-002  0.68986817350127894     
   15.800000000000001        20.176812011203651       4.64798143118786145E-002   20.176865547170365        195.48761082384684       -1.0969211609390503       0.34254687182790672      -4.50495646122030507E-003  0.69241021853417295     
   15.900000000000000        20.302879887963876       4.40497675896265456E-002   20.302927673789135        197.51159541880520       -1.0923946818439751       0.34041987521163841      -3.47568721162261618E-002  0.69356719628017072     
   16.000000000000000        20.437813563011279       4.15988863660516212E-002   20.437855897910492        199.54863009135394       -1.0881122491461912       0.33817236939699408      -6.11341965275102733E-002  0.69339236478669264     
   16.100000000000001        20.583836305871802       3.91289522513112095E-002   20.583873497032343        201.59971258479811       -1.0840758572153231       0.33577335804628172      -8.00162955949492438E-002  0.69210744031707017     
   16.199999999999999        20.743129271764051       3.66593073265598784E-002   20.743161665713554        203.66606086367986       -1.0802864442364295       0.33319484959801210      -8.76563456481334047E-002  0.69010081517082467     
   16.300000000000001        20.915438311509998       3.43016505641577721E-002   20.915466439116571        205.74898924284358       -1.0767383963418935       0.33044986841581359      -8.25913898792397655E-002  0.68788655309166602     
   16.399999999999999        21.097623363318711       3.21237111698799635E-002   21.097647819443541        207.84964232658496       -1.0734171282551916       0.32759632300167996      -6.74298693208488786E-002  0.68603670685884621     
   16.500000000000000        21.286134813792376       3.01616851051407162E-002   21.286156182791483        209.96883023544055       -1.0703028584414405       0.32469510779473354      -4.56821973067172704E-002  0.68499524762748887     
   16.600000000000001        21.477245718826978       2.84505230502600584E-002   21.477264562768081        212.10699926207155       -1.0673722480336705       0.32180587438355346      -2.08942049131558734E-002  0.68502858754660678     
   16.699999999999999        21.666989325227384       2.70218725930854338E-002   21.667006175314480        214.26421101427422       -1.0645986282515032       0.31898773448188855       3.64110717309468028E-003  0.68622434663447485     
   16.800000000000001        21.851149369931512       2.59042237404494696E-002   21.851164724468717        216.44011794903221       -1.0619523234348265       0.31629932690900864       2.51195973910905805E-002  0.68850630109262134     
   16.899999999999999        22.025237036438067       2.51262430714205114E-002   22.025251368358411        218.63393726935064       -1.0594008000942330       0.31379929425791447       4.13280265355280632E-002  0.69165964803195257     
   17.000000000000000        22.184721666453790       2.46889698813499182E-002   22.184735404400431        220.84443520449526       -1.0569100394465945       0.31154341000133651       5.06683311190144411E-002  0.69538001689142404     
   17.100000000000001        22.327906102074802       2.44939671024549457E-002   22.327919537151097        223.07006659292171       -1.0544508925974041       0.30954554387235172       5.31958464809214812E-002  0.69935454466687730     
   17.199999999999999        22.456310149560267       2.45007273105595572E-002   22.456323515190153        225.30927740550342       -1.0520011578767534       0.30777557808324468       5.06303646550874675E-002  0.70328465995179523     
   17.300000000000001        22.571856338995961       2.46974714732465760E-002   22.571869850620914        227.56068572993127       -1.0495412479375630       0.30620006321575688       4.44389451409478858E-002  0.70695273262051561     
   17.399999999999999        22.676570317886014       2.50683190137854228E-002   22.676584174047182        229.82310706277531       -1.0470529584132113       0.30478611805093547       3.57616062787508154E-002  0.71021400471779161     
   17.500000000000000        22.772589775501768       2.55953900463734667E-002   22.772604159543970        232.09556506744474       -1.0445197729602034       0.30350100300549848       2.55617355263399494E-002  0.71297983542652932     
   17.600000000000001        22.862141737235568       2.62587244785263546E-002   22.862156817195963        234.37730164308164       -1.0419270672339584       0.30231217693138435       1.46811724498568559E-002  0.71520813683236817     
   17.699999999999999        22.947524729922236       2.70356957967943894E-002   22.947540656010172        236.66778496643948       -1.0392623462201924       0.30118733585611296       3.86968816978868315E-003  0.71689712547757578     
   17.800000000000001        23.031104038341905       2.78993246067645653E-002   23.031120936620571        238.96671640485272       -1.0365155952000145       0.30009433444403522      -6.20043798985405858E-003  0.71808108692714290     
   17.899999999999999        23.115239010585324       2.88289769803797766E-002   23.115256988110673        241.27403355729902       -1.0336791801206573       0.29900204945890946      -1.49225619687531896E-002  0.71882166247986057     
   18.000000000000000        23.201431869960746       2.98313482581796935E-002   23.201451047849769        243.58986710132635       -1.0307461638587292       0.29789126277356948      -2.20480216725093929E-002  0.71919203896837980     
   18.100000000000001        23.290307656524259       3.08951263688576269E-002   23.290328148061501        245.91445407765062       -1.0277098401273772       0.29675451006596909      -2.78194010766896656E-002  0.71927460143620880     
   18.199999999999999        23.382448843003605       3.19991342472538201E-002   23.382470738574082        248.24809190262695       -1.0245651270965717       0.29558511532745535      -3.24646405794375495E-002  0.71914092509482674     
   18.300000000000001        23.478468326350466       3.31223073730479989E-002   23.478491690027447        250.59113776109470       -1.0213090550155566       0.29437626602501127      -3.61637624727023793E-002  0.71885138862597253     
   18.399999999999999        23.579002179954404       3.42436033537458634E-002   23.579027045802064        252.94401128640990       -1.0179407594792169       0.29312113316539468      -3.90740447105231772E-002  0.71845746281116607     
   18.500000000000000        23.684712999002230       3.53422069531391658E-002   23.684739367717295        255.30719704535778       -1.0144614689638727       0.29181285997380285      -4.13316551519917197E-002  0.71800293791162884     
   18.600000000000001        23.796292946093363       3.63977601922176389E-002   23.796320782281445        257.68124734261261       -1.0108744706066048       0.29044456014869352      -4.30510213120723143E-002  0.71752500396083541     
   18.699999999999999        23.914467384219158       3.73905972131083411E-002   23.914496614556658        260.06678535912818       -1.0071850527363386       0.28900931502486049      -4.43236535270816467E-002  0.71705535352445793     
   18.800000000000001        24.039999137069614       3.83019708582755247E-002   24.040029649550757        262.46450868519264       -1.0034004243327694       0.28750016996631356      -4.52181615319551117E-002  0.71662135303957775     
   18.899999999999999        24.173694268372653       3.91147710651632841E-002   24.173725913604390        264.87519335546472      -0.99952958723659757       0.28591012036336227      -4.57809675376226327E-002  0.71624723523658795     
   19.000000000000000        24.316404382533857       3.98116446600478152E-002   24.316436973001665        267.29969828801006      -0.99558326645033701       0.28423214753172904      -4.60409020041367828E-002  0.71595519402321595     
   19.100000000000001        24.469038379896080       4.03783548096446621E-002   24.469071695680743        269.73897042613157      -0.99157376647685236       0.28245915228021717      -4.60065416178353365E-002  0.71576638907769685     
   19.199999999999999        24.632566466943214       4.08017793702706161E-002   24.632600259281908        272.19405066847349      -0.98751475976785663       0.28058399221911168      -4.56746662950484258E-002  0.71570194934476339     
   19.300000000000001        24.808029704215301       4.10705984322176434E-002   24.808063701129200        274.66608047703147      -0.98342114087773214       0.27859946639467159      -4.50309721648779610E-002  0.71578362208633828     
   19.399999999999999        24.996549964127293       4.11754125587806968E-002   24.996583877076315        277.15630946044854      -0.97930884032818233       0.27649831067952529      -4.40542297011141254E-002  0.71603436996901015     
   19.500000000000000        25.199341410298096       4.11088409582025249E-002   25.199374941644276        279.66610402916984      -0.97519462765233311       0.27427319330945110      -4.27199134849576834E-002  0.71647875340693012     
   19.600000000000001        25.417723812005761       4.08655902782791430E-002   25.417756663007722        282.19695729028507      -0.97109590609050900       0.27191671012779589       0.11167889478169311       0.71714312609558650     
   19.699999999999999        25.653138599000428       4.04425639699444589E-002   25.653170478139852        284.75050041083534      -0.96703049837809796       0.26942137357675416       0.11165647752810944       0.72568973231521861     
   19.800000000000001        25.907153311528575       3.98394003252294862E-002   25.907183943548635        287.32851500636184      -0.96301640016333923       0.26677974823354889       0.11054502640088815       0.73440673406263624     
   19.899999999999999        26.181643871680350       3.90457977126532352E-002   26.181672986992567        289.93295486552222      -0.95907214026144516       0.26398280687689923       0.10830664220600716       0.74325655568795201     
   20.000000000000000        26.477776783919371       3.81815610006325593E-002   26.477804313248107        292.56592589830223      -0.95521077232578078       0.26103036876174129       0.10314794619090827       0.75212906856212147     
