Title = "Nombre d'onde, PSE linéaire - Jet compressible - Rans Francisco n = 0, st =  0.4000"
Variables = x, Re(alpha), Im(alpha), abs(alpha), Re(int(alpha)), Im(int(alpha)), C<sub>ph</sub>, sigma, N
Zone T = "_FrancCase_5 nombre d'onde PSE",I = 201, F = point
   0.0000000000000000        2.7984313733386306       -1.5874456184372570        3.2173283548282074        0.0000000000000000        0.0000000000000000       0.89810103860914303        1.5874456184372570        0.0000000000000000     
  0.10000000000000001        2.1856224392019925       -1.0473208849231188        2.4235978384912404       0.24920269062703115      -0.13173832516801878        1.1499122985713275        1.9193329041996747       0.12688477754814959     
  0.20000000000000001        2.3750099592020093       -1.0734502459307476        2.6063322383758969       0.47723431054723120      -0.23777688171071210        1.0582162458452515        1.7053535866645548       0.27612816352094416     
  0.29999999999999999        2.4539331617836910       -1.3882638318538609        2.8194085247326730       0.71868146659651622      -0.36086258559994250        1.0241819793677716        1.7033067218566640       0.42093492332811722     
  0.40000000000000002        2.4747670472602961       -1.6045743160439390        2.9494288724960498       0.96511647704871562      -0.51050449299483258        1.0155598789203888        2.0588065045658417       0.57609712382511691     
  0.50000000000000000        2.5523563053257479       -1.8133216050576451        3.1309196656421796        1.2164726446780176      -0.68139928904991176       0.98468780304208925        2.1637190627824743       0.75654858417136805     
  0.59999999999999998        2.5515992068097599       -1.5675902753823796        2.9946615474316292        1.4716704202847930      -0.85044488307191290       0.98497997497583367        2.3520526905131853       0.92373520239594598     
  0.69999999999999996        2.8884686166992011       -1.3406167858422733        3.1844158516340584        1.7436738114602410      -0.99585523613314553       0.87010608609065643        1.9721486310842382        1.1022184759732971     
  0.80000000000000004        3.2028149277706106       -1.5403421759343670        3.5539664433576861        2.0482379886837321       -1.1399031842219776       0.78470788339345410        2.0091635519175552        1.2640767476223678     
  0.90000000000000002        3.2108592330589274       -1.6548031953506046        3.6122002477523774        2.3689216967252089       -1.2996604527862261       0.78274192060344039        2.2915811913983486        1.4349723414491733     
   1.0000000000000000        3.2876751025658577       -1.6383837663516072        3.6732967407869328        2.6938484135064482       -1.4643198008713367       0.76445331258869109        2.6158611509746121        1.6258200277881454     
   1.1000000000000001        3.3428929977077173       -1.5151424000359082        3.6702302497949444        3.0253768185201273       -1.6219961091907127       0.75182607537699608        2.6901039131750806        1.8279747583442123     
   1.2000000000000000        3.1699667468932793       -1.2483649311996428        3.4069200427744484        3.3510198057501768       -1.7601714757524900       0.79283927042293567        2.1522825996615582        2.0123733520939586     
   1.3000000000000000        3.5397464291849063      -0.94633222799708105        3.6640618811195336        3.6865054645540862       -1.8699063337123263       0.71001530000852731        2.4111139760485560        2.1721887589203224     
   1.3999999999999999        3.7103475643410553       -1.0936061202764369        3.8681589153649933        4.0490101642303840       -1.9719032511260020       0.67736892010497762        1.9500515339346152        2.3404686895593794     
   1.5000000000000000        3.6283838924942406       -1.1792374209308771        3.8152025590046152        4.4159467370721490       -2.0855454281863679       0.69267040019410620        1.8571302648845311        2.4919471625982959     
   1.6000000000000001        3.6288009165530748       -1.1151218325850258        3.7962735403925021        4.7788059775245149       -2.2002633908621632       0.69259079808080048        1.8880086614256599        2.6421844801412782     
   1.7000000000000000        3.3910495628980111      -0.93697981334752189        3.5181171539122382        5.1297985014970688       -2.3028684731587905       0.74114933334208644        1.7733581199539967        2.7801943316796947     
   1.8000000000000000        3.4140036362346251      -0.64484445560769832        3.4743697558192093        5.4700511614537008       -2.3819596866065518       0.73616621148177108        1.6266290194031590        2.9044780818207396     
   1.8999999999999999        3.7346847409976331      -0.60746384192152414        3.7837656420400321        5.8274855803153134       -2.4445751014830126       0.67295482675747154        1.3432071216271706        3.0182252570446382     
   2.0000000000000000        3.7202875024872557      -0.77443947404735469        3.8000388945543184        6.2002341924895585       -2.5136702672814568       0.67555911235127564        1.0702120930556254        3.1190224525430321     
   2.1000000000000001        3.6301810632690126      -0.77762152331707113        3.7125341460575014        6.5677576207773720       -2.5912733171496782       0.69232748424085688        1.1105046436953290        3.2126643804789676     
   2.2000000000000002        3.5214341227380519      -0.67611355907810045        3.5857534529793273        6.9253383800777257       -2.6639600712694369       0.71370755075141545        1.0919323030640669        3.3054748042988020     
   2.2999999999999998        3.3400191092235123      -0.50719394865994638        3.3783092445090772        7.2684110416758028       -2.7231254466563390       0.75247297715494821       0.94563200421107974        3.3843763166981171     
   2.3999999999999999        3.5948771620333764      -0.32149101447373618        3.6092240554579726        7.6151558552386476       -2.7645596948130233       0.69912656527330330       0.86124724164659361        3.4549933680692999     
   2.5000000000000000        3.6666595945932094      -0.47932152715016707        3.6978563667362754        7.9782326930699767       -2.8046003218942186       0.68543971918687607       0.51339275717116695        3.5182114562859499     
   2.6000000000000001        3.5931363118014739      -0.52919689749401333        3.6318972881269080        8.3412224883897110       -2.8550262431264275       0.69946528736388691       0.54986074848797706        3.5706338790379273     
   2.7000000000000002        3.4872703510619956      -0.45367743933724719        3.5166571798171704        8.6952428215328847       -2.9041699599679904       0.72069953570030920       0.55650820433473802        3.6251508079030632     
   2.7999999999999998        3.3593679878069334      -0.32422752070100530        3.3749780388443900        9.0375747384763301       -2.9430652079699029       0.74813897494824710       0.48782506706938678        3.6715439257807390     
   2.8999999999999999        3.4985455588343686      -0.20139033562662070        3.5043371833377401        9.3804704158083947       -2.9693461007862840       0.71837684563673287       0.42721233896440125        3.7113550528392398     
   3.0000000000000000        3.5810626922015287      -0.29066567724700410        3.5928396208858420        9.7344508283601900       -2.9939489014299654       0.70182354761478627       0.20388271688765036        3.7460588244205022     
   3.1000000000000001        3.5066216269449404      -0.32558205420356834        3.5217039779881270        10.088835044317515       -3.0247612880024941       0.71672235851162081       0.27949374631620905        3.7734800969043962     
   3.2000000000000002        3.4193756210566044      -0.26191654597602149        3.4293920620034464        10.435134906717591       -3.0541362180114735       0.73500966299081816       0.29292809222094485        3.8045157919229706     
   3.2999999999999998        3.3898482296642714      -0.16782630312638405        3.3940001013817107        10.775596099253635       -3.0756233604665937       0.74141199032994698       0.27386429525475903        3.8313373458705211     
   3.3999999999999999        3.4620929649786718      -0.13587703476802473        3.4647583273198381        11.118193158985783       -3.0908085273613142       0.72594068047716842       0.30742939222259591        3.8544318731784917     
   3.5000000000000000        3.4742660252189941      -0.17195645650859778        3.4785188567730922        11.465011108495666       -3.1062002019251453       0.72339714478640560       0.20371882397284471        3.8789672726793247     
   3.6000000000000001        3.4399508617604702      -0.16933761489512625        3.4441163103392678        11.810721952844640       -3.1232649054953314       0.73061337904856338       0.28262622524454695        3.8996636296756040     
   3.7000000000000002        3.3831128925334748      -0.11171093011756009        3.3849567464790367        12.151875140559337       -3.1373173327459658       0.74288804503645944       0.30382214344629260        3.9226408672897080     
   3.7999999999999998        3.4102779733003512      -7.49210662513256631E-002   3.4111008518285977        12.491544683851027       -3.1466489325644100       0.73697045887422874       0.32342085484112654        3.9441851594358455     
   3.8999999999999999        3.4265486234023097      -8.02970065196541710E-002   3.4274893257012899        12.833386013686161       -3.1544098362029591       0.73347102262227315       0.22982164834055610        3.9656115888516266     
   4.0000000000000000        3.4081721537001859      -7.21498749595651523E-002   3.4089357626265184        13.175122052541285       -3.1620321802769200       0.73742581346520952       0.21477807745946226        3.9823365894167591     
   4.0999999999999996        3.3912225143628132      -4.76574999769719954E-002   3.3915573678216466        13.515091785944433       -3.1680225490237470       0.74111153491915904       0.19919915200813426        3.9973485486541240     
   4.2000000000000002        3.3981183613911425      -3.35724391246675150E-002   3.3982842004006084        13.854558829732133       -3.1720840459788291       0.73960758737165788       0.16126894590529847        4.0103108261865028     
   4.2999999999999998        3.4008189008129213      -2.56445128454830563E-002   3.4009155880682318        14.194505692842334       -3.1750448935773368       0.73902027604912135       0.12230845703432085        4.0206146841208694     
   4.4000000000000004        3.3936176402128324      -1.06808151148589572E-002   3.3936344481654519        14.534227519893623       -3.1768611599753540       0.74058847793890337       0.11434457059012888        4.0282707063813987     
   4.5000000000000000        3.3960081890719711      -1.79506207007582106E-003   3.3960086634889088        14.873708811357861       -3.1774849538346008       0.74006715618628649       9.17086501771668672E-002   4.0345718852685444     
   4.5999999999999996        3.4006826361731628       4.45190692101402746E-003   3.4006855502155569        15.213543352620118       -3.1773521115920538       0.73904988843653407       6.15504909995456748E-002   4.0390760444174223     
   4.7000000000000002        3.3971661793258647       1.64658000140253079E-002   3.3972060833169357        15.553435793395071       -3.1763062262453019       0.73981488988288757       5.26762660791126949E-002   4.0414203063184262     
   4.7999999999999998        3.4040598515481011       2.19415077327967424E-002   3.4041305648701647        15.893497094938768       -3.1743858608579609       0.73831666670867890       2.50469081901194650E-002   4.0425001279497534     
   4.9000000000000004        3.4099948118886063       2.85781290842695712E-002   3.4101145620886650        16.234199828110604       -3.1718598790171075       0.73703165591617770       1.75908984137029580E-002   4.0415760409349062     
   5.0000000000000000        3.4113523180818528       3.70901986075491338E-002   3.4115539451861490        16.575267184609125       -3.1685764626325166       0.73673836312662278       1.31529192278295234E-002   4.0395761890978008     
   5.0999999999999996        3.4198154073332283       4.04416433584532733E-002   3.4200545239442115        16.916825570879876       -3.1646998705342164       0.73491514117473533       1.34876799505667302E-002   4.0365790212844974     
   5.2000000000000002        3.4293608918584781       4.08986083567256103E-002   3.4296047618893191        17.259284385839464       -3.1606328579484573       0.73286953520654763      -1.41183667254169611E-002   4.0331236781083621     
   5.2999999999999998        3.4332219820096501       4.96459928513855245E-002   3.4335809153652503        17.602413529532871       -3.1561056278880519       0.73204533119081316      -2.39135155180820042E-002   4.0278607911946338     
   5.4000000000000004        3.4412101502129984       5.52190112947607559E-002   3.4416531546826934        17.946135136144004       -3.1508623776807445       0.73034601583872227      -3.68042996003377088E-002   4.0214416364193557     
   5.5000000000000000        3.4526396203326200       5.48435147864946987E-002   3.4530751742475450        18.290827624671284       -3.1453592513766817       0.72792830971154499      -5.83217470338693797E-002   4.0139048813468463     
   5.5999999999999996        3.4605922512655014       5.61545983375624155E-002   3.4610478281054258        18.636489218251189       -3.1398093457204790       0.72625549050245874      -7.81272234879057392E-002   4.0048563390984562     
   5.7000000000000002        3.4692560588196524       6.02455224101138623E-002   3.4697791175559480        18.982981633755447       -3.1339893396830951       0.72444180546503900      -8.96485054855113012E-002   3.9944256147654698     
   5.7999999999999998        3.4831017917462588       5.77982913113640889E-002   3.4835813086742373        19.330599526283741       -3.1280871489970212       0.72156206540601864      -0.11728169105314273        3.9829928473154532     
   5.9000000000000004        3.4925679185978060       6.16076893668094511E-002   3.4931112454955864        19.679383011800947       -3.1221168499631125       0.71960637028380603      -5.78598589880529937E-002   3.9699377260191060     
   6.0000000000000000        3.5039347084267476       6.22988329884498135E-002   3.5044884912793419        20.029208143152175       -3.1159215238453495       0.71727196195396126       4.87359970988568078E-002   3.9593470046641137     
   6.0999999999999996        3.5151872069378500       6.09415685788256348E-002   3.5157154285579444        20.380164238920404       -3.1097595037669858       0.71497589599536515       0.22209315585977241        3.9537228745408077     
   6.2000000000000002        3.5301248420322526       5.68876756173403789E-002   3.5305831824176557        20.732429841368912       -3.1038680415571775       0.71195049334996641       0.16134724962913446        3.9565754602534193     
   6.2999999999999998        3.5395113313681241       5.92416206998470571E-002   3.5400070670136374        21.085911650038931       -3.0980615767413182       0.71006245992165840       0.13078693794274451        3.9561425844227296     
   6.4000000000000004        3.5524114585762643       5.72411539628294580E-002   3.5528726012525325        21.440507789536152       -3.0922374380081843       0.70748395904541550       7.97168950824781869E-002   3.9538310562651295     
   6.5000000000000000        3.5661341682344538       5.38277381046453202E-002   3.5665403868789571        21.796435070876687       -3.0866839934048107       0.70476151605819237       3.25881636242684458E-002   3.9489112612616353     
   6.5999999999999996        3.5792491128233648       5.36050294834717611E-002   3.5796505012127606        22.153704234929577       -3.0813123550254047       0.70217915647936746      -4.45813061808663768E-003   3.9413646927573138     
   6.7000000000000002        3.5942455955033519       5.07986864039028235E-002   3.5946045550707808        22.512378970345914       -3.0760921692310359       0.69924941301065047       0.27238340426280161        3.9317141928532053     
   6.7999999999999998        3.6141152098719997       4.61940860038182743E-002   3.6144104144119904        22.872797010614679       -3.0712425306106499       0.69540509278918272       0.23972155724519972        3.9359889838332021     
   6.9000000000000004        3.6329980887834461       4.71979533055494685E-002   3.6333046610352406        23.235152675547454       -3.0665729286451815       0.69179065373894411       0.21636767265626636        3.9384832914399506     
   7.0000000000000000        3.6522941737389885       4.62599538014540693E-002   3.6525871262508542        23.599417288673575       -3.0619000332898314       0.68813573149254370       0.18609086987863602        3.9396015858705704     
   7.0999999999999996        3.6734667644253531       4.19363906665055769E-002   3.6737061300816927        23.965705335581792       -3.0574902160664332       0.68416955536686075       0.15513886591885931        3.9392437666404314     
   7.2000000000000002        3.6951275304881244       4.05837089988871774E-002   3.6953503898828552        24.334135050327468       -3.0533642110831636       0.68015896667572728       0.13596983886095615        3.9372315935848117     
   7.2999999999999998        3.7176250822106738       3.82340341032500822E-002   3.7178216865855371        24.704772680962407       -3.0494233239280568       0.67604292183689596       0.10502812743576945        3.9341503774937849     
   7.4000000000000004        3.7434232407379588       3.40949404257796240E-002   3.7435785051551571        25.077825097109841       -3.0458068752016052       0.67138390752106913       7.42844873547231221E-002   3.9296237572643617     
   7.5000000000000000        3.7685946503541174       3.29664901904513571E-002   3.7687388378810689        25.453425991664442       -3.0424538036707935       0.66689956231712899       5.11540904745962366E-002   3.9235798824099737     
   7.5999999999999996        3.7944251753983607       3.10401328690017610E-002   3.7945521345140856        25.831576982952065       -3.0392534725178209       0.66235964782412038       2.64472692423575288E-002   3.9163137430745629     
   7.7000000000000002        3.8215964017892281       2.84341107526004701E-002   3.8217021805502669        26.212378061811446       -3.0362797603367406       0.65765032688829939      -3.75348599085487079E-003   3.9078192099426383     
   7.7999999999999998        3.8506601987671645       2.47398894169028119E-002   3.8507396729067440        26.595990891839264       -3.0336210603282656       0.65268655065344106      -2.33909837016544123E-002   3.8979626038876800     
   7.9000000000000004        3.8794907611829941       2.35916496001897479E-002   3.8795624923482115        26.982498439836775       -3.0312044833774108       0.64783608921534031       2.94397775742441144E-002   3.8871324949864108     
   8.0000000000000000        3.9086424005881635       2.06586088329681825E-002   3.9086969943696728        27.371905097925332       -3.0289919704557531       0.64300436450611154       4.80361850965801626E-003   3.8790107746389126     
   8.0999999999999996        3.9421112179347291       1.63449455472516533E-002   3.9421451028357359        27.764442778851475       -3.0271417927367419       0.63754520964239514      -1.39634186080521017E-002   3.8699612804688641     
   8.1999999999999993        3.9753915276376657       1.63348045876540032E-002   3.9754250871893246        28.160317916130094       -3.0255078052299966       0.63220794867601915      -3.34392554631357253E-002   3.8600149054865232     
   8.3000000000000007        4.0065430746870998       1.48063142369153026E-002   4.0065704332089860        28.559414646246339       -3.0239507492887681       0.62729242542041419      -5.89158881726081010E-002   3.8491092635473620     
   8.4000000000000004        4.0417266406766776       1.08805809266113128E-002   4.0417412862523596        28.961828132014524       -3.0226664045305918       0.62183179277336154      -7.39286888364252687E-002   3.8372137625710190     
   8.5000000000000000        4.0763552543102861       1.07065337849822778E-002   4.0763693146240767        29.367732226763870       -3.0215870487950123       0.61654933539326107      -9.40538575624863954E-002   3.8245790387672050     
   8.5999999999999996        4.1093835670364030       8.87076720068784644E-003   4.1093931415161000        29.777019167831202       -3.0206081837457286       0.61159394879372442      -0.11169144137090464        3.8109983672786121     
   8.6999999999999993        4.1456483122238375       5.75216386225398633E-003   4.1456523028388972        30.189770761794215       -3.0198770371925816       0.60624392943829974      -0.12631297182127429        3.7968349331798379     
   8.8000000000000007        4.1825798700192394       4.63442339749473020E-003   4.1825824375582110        30.606182170906376       -3.0193577078295943       0.60089088576335392       0.15112168763131187        3.7820488734517332     
   8.9000000000000004        4.2190286484710473       3.29034860643947569E-003   4.2190299315142790        31.026262596830890       -3.0189614692293976       0.59569970537712069       0.14049694236930163        3.7812387492978399     
   9.0000000000000000        4.2581045851126023       8.89463864117856539E-004   4.2581046780114429        31.450119258510071       -3.0187524786058697       0.59023306558952748       0.13128647170804711        3.7801761959924360     
   9.0999999999999996        4.2970171159234791       5.76166024326957142E-004   4.2970171545511224        31.877875343561875       -3.0186791971114473       0.58488808749641263       0.12129020002570788        3.7787373441435781     
   9.1999999999999993        4.3341222343050552      -3.15292373221934860E-004   4.3341222457732691        32.309432311073301       -3.0186661534288919       0.57988076639347941       0.10770950728901656        3.7768906919038159     
   9.3000000000000007        4.3719658323089226      -2.29791115668847960E-003   4.3719664362014878        32.744736714404006       -3.0187968136053875       0.57486133681527973       9.72070025880615862E-002   3.7745998893821131     
   9.4000000000000004        4.4126353202119297      -3.92006967101554606E-003   4.4126370614552091        33.183966772030047       -3.0191077126467727       0.56956307070286682       8.58407076473194641E-002   3.7720686487634048     
   9.5000000000000000        4.4525968795313071      -3.82200765947364983E-003   4.4525985198931295        33.627228382017208       -3.0194948165132973       0.56445130580435321       7.07385137041944279E-002   3.7690255081786295     
   9.5999999999999996        4.4915485524024144      -4.95967044756985727E-003   4.4915512906922448        34.074435653613889       -3.0199339004186494       0.55955626295691463       5.37216625063056535E-002   3.7653587455275646     
   9.6999999999999993        4.5337185676130130      -6.73024949335973219E-003   4.5337235630965891        34.525699009614662       -3.0205183964156959       0.55435159580164783       4.34980804011133385E-002   3.7611570606678026     
   9.8000000000000007        4.5744608094570820      -6.19079264285933573E-003   4.5744649985733075        34.981107978468174       -3.0211644485225069       0.54941428674522219       3.29842445611903679E-002   3.7564737229893206     
   9.9000000000000004        4.6133834457417899      -7.22001246306410317E-003   4.6133890954508008        35.440500191228118       -3.0218349887778029       0.54477893555360490       1.91246162708095802E-002   3.7514073253464586     
   10.000000000000000        4.6555058677507510      -9.00370144981514978E-003   4.6555145742765616        35.903944656902745       -3.0226461744734467       0.53984984538019520       1.12082723463233815E-002   3.7459755494779716     
   10.100000000000000        4.6980431309969530      -9.17263387784856589E-003   4.6980520854839307        36.371622106840128       -3.0235549912398301       0.53496190920207720       4.16087599939504813E-003   3.7402621522431030     
   10.199999999999999        4.7416521148087201      -8.26765384807040017E-003   4.7416593226390864        36.843606869130411       -3.0244270056261260       0.53004186347256332      -1.32890219145432795E-002   3.7341190945979252     
   10.300000000000001        4.7793300397326215      -1.14676668500470202E-002   4.7793437976435218        37.319655976857483       -3.0254137716610319       0.52586326995162669      -2.18681634331661240E-002   3.7276253084684443     
   10.400000000000000        4.8280568836660835      -8.59485385974152923E-003   4.8280645338922641        37.800025323027420       -3.0264168976965213       0.52055602977142901      -3.69798737893473825E-002   3.7204227914830525     
   10.500000000000000        4.8620982206357768      -1.01517340301991998E-002   4.8621088186931196        38.284533078242511       -3.0273542270910183       0.51691142564849180      -4.94629089810810010E-002   3.7126539006761488     
   10.600000000000000        4.9121189431898937      -1.41149448283935629E-002   4.9121392227534129        38.773243936433794       -3.0285675610339480       0.51164765184609573      -5.00053485744909043E-002   3.7050850264817146     
   10.699999999999999        4.9601507198126189      -1.04924817556193289E-002   4.9601618174643285        39.266857419583914       -3.0297979323631488       0.50669309560149400      -6.16678359200365997E-002   3.6971093890923785     
   10.800000000000001        4.9905397934512790      -7.14240028440164387E-003   4.9905449045071775        39.764391945247120       -3.0306796764651498       0.50360767109197702      -9.04049433079935627E-002   3.6878405527979017     
   10.900000000000000        5.0276744982759043      -1.45785091286492249E-002   5.0276956345369879        40.265302659833480       -3.0317657219358023       0.49988799468495609      -8.78550820438760149E-002   3.6783951939130626     
   11.000000000000000        5.0959875938940309      -1.89978430864949192E-002   5.0960230057529978        40.771485764441977       -3.0334445395465597       0.49318686055735655      -7.01979131470699957E-002   3.6703201806052381     
   11.100000000000000        5.1478538537670548      -1.01480034391831352E-002   5.1478638561755030        41.283677836825028       -3.0349018318728436       0.48821784655613154      -9.23613517472615525E-002   3.6617605415107364     
   11.199999999999999        5.1771603079280384      -9.15189253356774382E-003   5.1771683970219176        41.799928544909783       -3.0358668266714810       0.48545418209730440      -2.48267772576116659E-002   3.6516199596351284     
   11.300000000000001        5.2117871321082294      -1.05541271103889011E-002   5.2117978184123741        42.319375916911603       -3.0368521276536788       0.48222885147943206      -2.59276017396221428E-002   3.6451182773052886     
   11.400000000000000        5.2438511502523761      -8.94853844541840075E-003   5.2438587855074319        42.842157831029631       -3.0378272609314694       0.47928021807996507      -3.58553334803035639E-002   3.6383263813985498     
   11.500000000000000        5.2757503065114140      -1.15064215894312774E-002   5.2757628542603268        43.368137903867819       -3.0388500089332120       0.47638231092360683      -3.53864996715647293E-002   3.6315460604644985     
   11.600000000000000        5.3298961465923087      -1.81389987577891057E-002   5.3299270123272304        43.898420226523001       -3.0403322799505732       0.47154279440861280      -1.22770137653606046E-002   3.6263774230266685     
   11.699999999999999        5.4033387970490958      -1.95731763177091830E-002   5.4033742480904587        44.435081973705067       -3.0422178887043483       0.46513354377193578      -4.68940739507781295E-003   3.6231225769107316     
   11.800000000000001        5.4668590326475837      -1.45322772545081955E-002   5.4668783478254461        44.978591865189905       -3.0439231613829594       0.45972908901853710      -3.14070026916505179E-002   3.6194122488032021     
   11.900000000000000        5.5065949872577464      -9.83669492586789276E-003   5.5066037731308768        45.527264566185167       -3.0451416099919784       0.45641165342422085      -6.44411071667772839E-002   3.6132428350198453     
   12.000000000000000        5.5326954416542380      -8.05966183987165755E-003   5.5327013120401283        46.079229087630765       -3.0460364278302654       0.45425853444779218      -8.22662560173386126E-002   3.6048849933018876     
   12.100000000000000        5.5576188691270350      -8.72117470549001877E-003   5.5576257118813883        46.633744803169826       -3.0468754696575333       0.45222138870177830      -8.48967294088268515E-002   3.5957622934462430     
   12.199999999999999        5.5910601440437597      -1.14367942655863950E-002   5.5910718412999936        47.191178753828360       -3.0478833681060871       0.44951656003008000      -7.63283814937267130E-002   3.5872260889582033     
   12.300000000000001        5.6421129205523517      -1.59463238388712174E-002   5.6421354550832756        47.752837407058173       -3.0492525240113100       0.44544910005554972      -5.87015692520849383E-002   3.5803706442588097     
   12.400000000000000        5.7127369310496974      -1.90493581181082824E-002   5.7127686913985789        48.320579899638275       -3.0510023081091591       0.43994221214909474      -4.56526666715907359E-002   3.5754533853080916     
   12.500000000000000        5.7903648418280200      -1.86663863782872558E-002   5.7903949291441652        48.895734988282157       -3.0528880953339788       0.43404417364457348      -4.93769583162958284E-002   3.5714193276969164     
   12.600000000000000        5.8585745602886856      -1.49124930823125914E-002   5.8585935394863924        49.478181958387992       -3.0545670393070088       0.42899072069639943       0.15887320858635809        3.5664937585856706     
   12.699999999999999        5.9070771930914043      -1.07742216547542461E-002   5.9070870189115121        50.066464546056991       -3.0558513750438623       0.42546830534248359       0.13221537414300205        3.5709881700233628     
   12.800000000000001        5.9410166916839318      -8.53270072802302451E-003   5.9410228191658039        50.658869240295765       -3.0568167211630013       0.42303771446894689       0.11473732983111726        3.5735313815909988     
   12.900000000000000        5.9696824992870567      -8.19825022151233172E-003   5.9696881286714518        51.254404199844309       -3.0576532687104780       0.42100633043247915       0.10688312065080460        3.5750956264012275     
   13.000000000000000        6.0015424737624263      -9.10305032254049226E-003   6.0015493774440944        51.852965448496782       -3.0585183337376809       0.41877136317194769       0.10513623164110904        3.5765591280921005     
   13.100000000000000        6.0382925629005824      -9.58011098818655968E-003   6.0383001626042923        52.454957200329929       -3.0594524918032171       0.41622264848733104       0.10170202491150751        3.5781996708475381     
   13.199999999999999        6.0767028610882345      -9.36441953694313982E-003   6.0767100765390474        53.060706971529370       -3.0603997183294736       0.41359174215435468       9.48540677345050126E-002   3.5797596590811662     
   13.300000000000001        6.1132613370987734      -8.45995066904019731E-003   6.1132671908261953        53.670205181438732       -3.0612909368397729       0.41111838416261492       8.48873232164100988E-002   3.5808671632976545     
   13.400000000000000        6.1452183030235377      -7.38325392435683174E-003   6.1452227383760469        54.283129163444848       -3.0620830970694426       0.40898044608688133       7.42310823891845217E-002   3.5812820226701807     
   13.500000000000000        6.1746853952564953      -7.15251095351627977E-003   6.1746895378477777        54.899124348358846       -3.0628098853133361       0.40702869247436912       6.80817656025092255E-002   3.5811657386992461     
   13.600000000000000        6.2067033764662787      -7.86983854843636803E-003   6.2067083657762341        55.518193786944984       -3.0635610027884339       0.40492898893820517       6.75462846258026300E-002   3.5810219703256707     
   13.699999999999999        6.2465075976484572      -9.54323822013685222E-003   6.2465148875893686        56.140854335650715       -3.0644316566268626       0.40234868581893257       7.25959533880925628E-002   3.5814327487663942     
   13.800000000000001        6.2994330873128366      -1.19987171473315678E-002   6.2994445144587878        56.768151369898789       -3.0655087543952360       0.39896830207365969       8.24092770250006434E-002   3.5829422094969581     
   13.900000000000000        6.3665667357179920      -1.38848975870531355E-002   6.3665818765434761        57.401451361050327       -3.0668029351319550       0.39476129399095966       9.00396311496382412E-002   3.5856933253026777     
   14.000000000000000        6.4427744567710308      -1.46244259111790679E-002   6.4427910547102556        58.041918420674776       -3.0682284013068668       0.39009189903124891       9.16499770426338622E-002   3.5892674408506249     
   14.100000000000000        6.5218154711818466      -1.42091764497590291E-002   6.5218309500356009        58.690147917072416       -3.0696700814249138       0.38536418792854826       8.69969873069840888E-002   3.5930172402902407     
   14.199999999999999        6.5970257291607277      -1.25735473992264618E-002   6.5970377113749192        59.346089977089541       -3.0710092176173629       0.38097079290784769       7.57595958558707899E-002   3.5962570185994212     
   14.300000000000001        6.6614311330637994      -9.89336638287192753E-003   6.6614384797316895        60.009012820200773       -3.0721325633064680       0.37728741357052831       5.85443152524221522E-002   3.5983192045420633     
   14.400000000000000        6.7121589645469681      -7.39304205205210466E-003   6.7121630360427789        60.677692325081310       -3.0729968837282140       0.37443602515177710       4.13172571713842363E-002   3.5988879651189176     
   14.500000000000000        6.7518950127863624      -5.53156124429286539E-003   6.7518972786809446        61.350895023947977       -3.0736431138930311       0.37223240558574089       2.72696929150406768E-002   3.5981156224641841     
   14.600000000000000        6.7841193306899941      -4.29357296157848074E-003   6.7841206893605914        62.027695741121789       -3.0741343706033248       0.37046431531684398       1.66685254216970315E-002   3.5963371842514396     
   14.699999999999999        6.8124097218651940      -3.67756379074754471E-003   6.8124107145003263        62.707522193749547       -3.0745329274409410       0.36892586110979186       9.67761851955615052E-003   3.5939105300937522     
   14.800000000000001        6.8405076774029236      -3.68446781273035987E-003   6.8405086696759181        63.390168063712963       -3.0749010290211150       0.36741046738010935       6.58747681671461010E-003   3.5912113583354444     
   14.900000000000000        6.8716605388020335      -4.02692882005585822E-003   6.8716617187318505        64.075776474523209       -3.0752865988527542       0.36574480195582892       6.08135436655719147E-003   3.5885589302901924     
   15.000000000000000        6.9062969863429053      -4.23614561502247584E-003   6.9062982855143726        64.764674350780453       -3.0756997525745082       0.36391051931907864       5.55751120300601933E-003   3.5860680350946041     
   15.100000000000000        6.9433993847818192      -4.27722776835756484E-003   6.9434007021967217        65.457159169336691       -3.0761254212436770       0.36196594543881455       4.34554197761192421E-003   3.5836940782791551     
   15.199999999999999        6.9819380643168412      -4.15946593391064001E-003   6.9819393033105968        66.153426041791619       -3.0765472559287903       0.35996797733234404       2.40393332691939609E-003   3.5813569928813309     
   15.300000000000001        7.0208551283172600      -3.88608132814498384E-003   7.0208562038007054        66.853565701423335       -3.0769495332918932       0.35797265104289505      -3.86069580076480075E-004   3.5789741260674068     
   15.400000000000000        7.0590420289123514      -3.45515799775067108E-003   7.0590428745027323        67.557560559284809       -3.0773165952581882       0.35603614662981070      -4.15367238739013621E-003   3.5764552540573753     
   15.500000000000000        7.0954492184315630      -2.93717807130104052E-003   7.0954498263574592        68.265285121651999       -3.0776362120616407       0.35420930310419296      -8.60206951102817849E-003   3.5737206848114105     
   15.600000000000000        7.1302233795176964      -2.58651245431444632E-003   7.1302238486507168        68.976568751549465       -3.0779123965879216       0.35248182126964972      -1.23631620964254722E-002   3.5707743374068071     
   15.699999999999999        7.1646748635899860      -2.45852954250052940E-003   7.1646752854072666        69.691313663704847       -3.0781646486877623       0.35078690529893974      -1.48555954679555104E-002   3.5677135630941588     
   15.800000000000001        7.2002240675524023      -2.54313637951503971E-003   7.2002245166733170        70.409558610261982       -3.0784147319838633       0.34905498763543075      -1.60330286960827760E-002   3.5646658374868396     
   15.900000000000000        7.2383274678162923      -2.83621776842245092E-003   7.2383280234785605        71.131486187030418       -3.0786836996912603       0.34721752145735069      -1.58537169084458571E-002   3.5617603930680861     
   16.000000000000000        7.2804942419439271      -3.33588268764310357E-003   7.2804950061854985        71.857427272518422       -3.0789923047140637       0.34520652573179950      -1.42563376752194576E-002   3.5591280810102282     
   16.100000000000001        7.3283109973951595      -4.04962483053990154E-003   7.3283121163064626        72.587867534485383       -3.0793615800899730       0.34295407547048362      -1.11507128385391775E-002   3.5569043106669933     
   16.199999999999999        7.3833643254737256      -4.91288861400822861E-003   7.3833659599909183        73.323451300628818       -3.0798097057622003       0.34039687222268822      -6.84673735130092182E-003   3.5552109945780090     
   16.300000000000001        7.4457896893819902      -5.59365527112844554E-003   7.4457917905006212        74.064909001371618       -3.0803350329564569       0.33754299110218883      -3.12654323630296100E-003   3.5540622408397513     
   16.399999999999999        7.5140143946107436      -5.99115741486669264E-003   7.5140167830784508        74.812899205571242       -3.0809142735907566       0.33447821509024833      -8.66041348836998795E-004   3.5533426341071168     
   16.500000000000000        7.5862378977189833      -6.10925550591806619E-003   7.5862403576337192        75.567911820187746       -3.0815192942367959       0.33129387144944683      -1.43520993510544540E-004   3.5528889582299312     
   16.600000000000001        7.6605691568155292      -5.94180515057256969E-003   7.6605714611510436        76.330252172914484       -3.0821218472696206       0.32807929429575095      -1.00156001886188024E-003   3.5525323565124540     
   16.699999999999999        7.7349917183638413      -5.48047002863732546E-003   7.7349936599010176        77.100030216673431       -3.0826929610285809       0.32492266499846489      -3.51915037322615655E-003   3.5520999625052627     
   16.800000000000001        7.8073589121128153      -4.71631219037050783E-003   7.8073603366405520        77.877147748197274       -3.0832028001395315       0.32191092418879153      -7.76948863466715885E-003   3.5514129605729408     
   16.899999999999999        7.8753811394428208      -3.63563832353389332E-003   7.8753819786317489        78.661284750775039       -3.0836203976652268       0.31913047487751778      -1.38513084143275216E-002   3.5502853706299606     
   17.000000000000000        7.9367463387107193      -2.30412940878939581E-003   7.9367466731684431        79.451891124682732       -3.0839173860518430       0.31666302734328056      -2.14753312836508149E-002   3.5485436103714934     
   17.100000000000001        7.9905842918040104      -1.03277533315979629E-003   7.9905843585466192        80.248257656208480       -3.0840842312889403       0.31452945505495944      -2.90792491052843313E-002   3.5461152853876641     
   17.199999999999999        8.0376343541161841       8.77842972078503428E-005   8.0376343545955589        81.049668588504474       -3.0841314808407381       0.31268828764084694      -3.59091086236714707E-002   3.5430414998566588     
   17.300000000000001        8.0788235583815808       1.05965270923893029E-003   8.0788236278758490        81.855491484129374       -3.0840741089904156       0.31109407263442140      -4.18956014071872468E-002   3.5394043426443154     
   17.399999999999999        8.1151228380075704       1.88081197691537891E-003   8.1151230559619822        82.665188803948809       -3.0839270857561076       0.30970253599869046      -4.70165835665307882E-002   3.5352905444582259     
   17.500000000000000        8.1475536685620629       2.55057856783336319E-003   8.1475540677893115        83.478322629277301       -3.0837055162288700       0.30846978431937039      -5.12353744097776287E-002   3.5307888798502343     
   17.600000000000001        8.1771777028667341       3.06917343864684380E-003   8.1771782788494018        84.294559197848756       -3.0834245286285462       0.30735226922985143      -5.45293455752177622E-002   3.5259908222557623     
   17.699999999999999        8.2050892927865462       3.43731622638636250E-003   8.2050900127751962        85.113672547631396       -3.0830992041452947       0.30630673636682587      -5.68827951448874145E-002   3.5209897864299884     
   17.800000000000001        8.2324154349584973       3.65421431809307687E-003   8.2324162459769479        85.935547784018667       -3.0827446276180708       0.30529000178967580      -5.82716210125357736E-002   3.5158812086839415     
   17.899999999999999        8.2602755059947999       3.74129479768112389E-003   8.2602763532598846        86.760182331066318       -3.0823748521622822       0.30426032655301322      -5.87874763283259064E-002   3.5107564727135996     
   18.000000000000000        8.2893345310523330       3.78357320622954704E-003   8.2893353945369341        87.587662832918681       -3.0819986087620865       0.30319371397751682      -5.88724469853206117E-002   3.5056773864893325     
   18.100000000000001        8.3197956445574537       3.80277316233586108E-003   8.3197965136342660        88.418119341699182       -3.0816192914436584       0.30208363645517405      -5.87305629129202117E-002   3.5006746074651511     
   18.199999999999999        8.3518359591831768       3.79696156866186863E-003   8.3518368222818111        89.251700921886197       -3.0812393047071085       0.30092474698433097      -5.83787498776204006E-002   3.4957683762517098     
   18.300000000000001        8.3856430797466555       3.76554016271645441E-003   8.3856439251971402        90.088574873832698       -3.0808611796205394       0.29971155449508646      -5.78206549927211266E-002   3.4909783334256113     
   18.399999999999999        8.4214107800034643       3.70772677888357672E-003   8.4214115962109588        90.928927566820192       -3.0804875162734593       0.29843860945954243      -5.70626923700041783E-002   3.4863242279373980     
   18.500000000000000        8.4593401447342131       3.62258465197918145E-003   8.4593409203927585        91.772965113057083       -3.0801210007019160       0.29710049245818571      -5.61069426143299896E-002   3.4818257879773835     
   18.600000000000001        8.4996404284439180       3.50902759953777019E-003   8.4996411527848039        92.620914141716000       -3.0797644200893401       0.29569181708689707      -5.49529554664908576E-002   3.4775029546725102     
   18.699999999999999        8.5425300436180720       3.36580420209132199E-003   8.5425307066908047        93.473022665319078       -3.0794206784992588       0.29420723252234199      -5.35992048191699516E-002   3.4733760357458978     
   18.800000000000001        8.5882376783214340       3.19147867494224725E-003   8.5882382713147898        94.329561051416064       -3.0790928143554073       0.29264142621668249      -5.20435611015723082E-002   3.4694657884023199     
   18.899999999999999        8.6370035566299279       2.98440861255236736E-003   8.6370040722424566        95.190823113163617       -3.0787840199910326       0.29098912677216598      -5.02833200298791333E-002   3.4657934788670648     
   19.000000000000000        8.6890808606262215       2.74272032656547489E-003   8.6890812934979333        96.057127334026433       -3.0784976635440766       0.28924510695492628      -4.83150763013076232E-002   3.4623809420334570     
   19.100000000000001        8.7447373355836024       2.46428173397002541E-003   8.7447376828029704        96.928818243836943       -3.0782373134410497       0.28740418681816299       3.04885497818050411E-002   3.4592506503593432     
   19.199999999999999        8.8042571038057051       2.14667230990127095E-003   8.8042573655087590        97.806267965806384       -3.0780067657388561       0.28546123690384428       3.18107051569684052E-002   3.4602569498778442     
   19.300000000000001        8.8679427170202452       1.78714922916131105E-003   8.8679428971016030        98.689877956847695       -3.0778100746619028       0.28341118149625694       3.33684183552951166E-002   3.4615388890034868     
   19.399999999999999        8.9361174828199346       1.38260849442682719E-003   8.9361175897794869        99.580080966839688       -3.0776515867757235       0.28124900189637286       3.51658632221577977E-002   3.4631219555355184     
   19.500000000000000        9.0091281039513600       9.29541319037877046E-004   9.0091281519053386        100.47734324617826       -3.0775359792850501       0.27896973978753004       3.72070277629775736E-002   3.4650324781027755     
   19.600000000000001        9.0873476917266700       4.23965208932286616E-004   9.0873477016166024        101.38216703596218       -3.0774683039586517       0.27656850030729835       3.94957563630175257E-002   3.4672976672072764     
   19.699999999999999        9.1711793884077668      -1.38539130255944590E-004   9.1711793894541476        102.29509338996888       -3.0774540326547180       0.27404044959022122       4.20351947299902051E-002   3.4699456281384240     
   19.800000000000001        9.2610559242664099      -7.61958379072775311E-004   9.2610559556116776        103.21670515560261       -3.0774990575301846       0.27138094655992662       4.48229863094039421E-002   3.4730050456010351     
   19.899999999999999        9.3574962425983461      -1.47382661107853686E-003   9.3574963586638411        104.14763276394582       -3.0776108467796921       0.26858403762222194       4.79735989531951887E-002   3.4765121283084190     
   20.000000000000000        9.4607711433382367      -2.06444896953415780E-003   9.4607713685814776        105.08854613324266       -3.0777877605587229       0.26565214238815471       5.03910040439881010E-002   3.4804424379139562     
