Title = "Nombre d'onde, PSE linéaire - Jet compressible - Rans Francisco n = 0, st =  0.4000"
Variables = x, Re(alpha), Im(alpha), abs(alpha), Re(int(alpha)), Im(int(alpha)), C<sub>ph</sub>, sigma, N
Zone T = "_FrancCase_10 nombre d'onde PSE",I = 201, F = point
   0.0000000000000000        2.7977467928214335       -1.5863961229906816        3.2162151320741095        0.0000000000000000        0.0000000000000000       0.89832079490556116        1.5863961229906816        0.0000000000000000     
  0.10000000000000001        2.1845508244850915       -1.0453299426074749        2.4217714577701672       0.24911488086532627      -0.13158630327990783        1.1504763792640185        1.9118264645560392       0.12672299267487050     
  0.20000000000000001        2.3742897862697943       -1.0712616464059623        2.6047751350635773       0.47705691140307060      -0.23741588273057970        1.0585372254919212        1.6981253051279595       0.27548081634935517     
  0.29999999999999999        2.4528088534912835       -1.3868115295765333        2.8177149412833851       0.71841184339112441      -0.36031954152970447        1.0246514396319493        1.6976096629995274       0.41981598984762142     
  0.40000000000000002        2.4714449660143019       -1.6021424211220472        2.9453184136178296       0.96462453436640372      -0.50976723906463350        1.0169249800957496        2.0548942654447231       0.57457697102703187     
  0.50000000000000000        2.5516815714325900       -1.8152108927845954        3.1314644221629822        1.2157808612387482      -0.68063490475996558       0.98494818123438799        2.1634101522930163       0.75497297047748446     
  0.59999999999999998        2.5480328343748324       -1.5715519050493485        2.9937011733498848        1.4707665815291193      -0.84997304465166268       0.98635860926355523        2.3585025978222038       0.92239839616899200     
  0.69999999999999996        2.8792412684531210       -1.3356330983956990        3.1739480234392046        1.7421302866705168      -0.99533229482391505       0.87289458872687553        1.9684069923187937        1.1009508546927287     
  0.80000000000000004        3.2037888353736448       -1.5321035392523521        3.5512820440869519        2.0462817918618552       -1.1387191267063177       0.78446934302357718        1.9993000561487244        1.2623589268625579     
  0.90000000000000002        3.2124662867698301       -1.6528869461483122        3.6127517075465114        2.3670945479690291       -1.2979686509763508       0.78235034970560235        2.2785805054656207        1.4324270521079134     
   1.0000000000000000        3.2806560619387994       -1.6367045558141986        3.6662659477673936        2.6917506654044603       -1.4624482260744762       0.76608887838932493        2.6060893115350430        1.6224597883910068     
   1.1000000000000001        3.3588534306920330       -1.5266408416169539        3.6895160425406148        3.0237261400360023       -1.6206154959460339       0.74825358555583599        2.6974472929141640        1.8249034723267974     
   1.2000000000000000        3.1604112657788028       -1.2668551576959712        3.4048673042341107        3.3496893748595435       -1.7602902959116800       0.79523641435080827        2.1610555746058857        2.0095158186044881     
   1.3000000000000000        3.5200483590034723      -0.93960481546801367        3.6432948904767124        3.6837123560986575       -1.8706132945698792       0.71398852133478752        2.4242147304965167        2.1698482840626898     
   1.3999999999999999        3.7121619516621758       -1.0804172327537367        3.8661929274416162        4.0453228716319396       -1.9716143969809665       0.67703784360660202        1.9525876588077369        2.3384053399769340     
   1.5000000000000000        3.6303737342420317       -1.1771462595797693        3.8164494974671257        4.4124496559271504       -2.0844925715976421       0.69229074107891231        1.8468950174920160        2.4895058711995328     
   1.6000000000000001        3.6230499136874359       -1.1157593320585670        3.7909641997975023        4.7751208383236241       -2.1991378511795592       0.69369017340252326        1.8781754146730156        2.6391786484050495     
   1.7000000000000000        3.4143553676976452      -0.93739778805467322        3.5406972745457237        5.1269911023928776       -2.3017957071852209       0.73609037496485774        1.7835787235213578        2.7781265452004908     
   1.8000000000000000        3.3931089930366918      -0.66710777008855660        3.4580661381094200        5.4673643204295947       -2.3820209850923826       0.74069949654713518        1.6107175302693864        2.9022322153985698     
   1.8999999999999999        3.7225657808438126      -0.59080582516887037        3.7691574012984352        5.8231480591236195       -2.4449166648552541       0.67514565781618996        1.3713169294844447        3.0154447658384216     
   2.0000000000000000        3.7247036194433498      -0.76566798514017742        3.8025865560382726        6.1955115291379776       -2.5127403553707066       0.67475814981688098        1.0609824233903651        3.1169018925990435     
   2.1000000000000001        3.6287622232412118      -0.77744708802448448        3.7111102445899196        6.5631848212722064       -2.5898961090289396       0.69259818314217814        1.1003149357873716        3.2097013250438784     
   2.2000000000000002        3.5415412400946864      -0.68419669679199946        3.6070264034509774        6.9216999944390016       -2.6629782982697638       0.70965547271295926        1.0904207879781072        3.3027678349491905     
   2.2999999999999998        3.3329299492049138      -0.52755614850505339        3.3744240302802129        7.2654235539039806       -2.7235659405346162       0.75407349124495937       0.94124756614945493        3.3818249408748597     
   2.3999999999999999        3.5670802618804469      -0.31313547985806556        3.5807981545240746        7.6104240644582486       -2.7656005219527722       0.70457459276425682       0.88112034569370323        3.4524777243555991     
   2.5000000000000000        3.6703009091661589      -0.46337008687828773        3.6994351732716613        7.9722931230105791       -2.8044258002895899       0.68475969275304327       0.51766542401379889        3.5161872990453680     
   2.6000000000000001        3.5964187714595095      -0.52759871807986736        3.6349124318236123        8.3356291070418624       -2.8539742405374975       0.69882688379248170       0.53620838261842962        3.5681291584922645     
   2.7000000000000002        3.5012574002799774      -0.46176154768182859        3.5315757262067629        8.6905129156288368       -2.9034422538255824       0.71782043864323175       0.55216573466673280        3.6223657019387652     
   2.7999999999999998        3.3572583607044946      -0.33740469169005377        3.3741703612139515        9.0334387036780583       -2.9434005657941764       0.74860908897831846       0.48590573836638462        3.6690767632151817     
   2.8999999999999999        3.4772189929805197      -0.19807327613101347        3.4828558609080753        9.3751625713623099       -2.9701744641852299       0.72278281234095243       0.43850873085293324        3.7089572030761557     
   3.0000000000000000        3.5795322518492529      -0.27706458841804565        3.5902389792581002        9.7280001336037980       -2.9939313574126829       0.70212361449556160       0.21306094015677593        3.7438617583182818     
   3.1000000000000001        3.5125599783541435      -0.32433464918942384        3.5275020292269268        10.082604745113969       -3.0240013192930566       0.71551066411952413       0.26946581019336990        3.7711846185949942     
   3.2000000000000002        3.4274314236423673      -0.26952335090884094        3.4380123618824112        10.429604315213794       -3.0536942192979697       0.73328210319112719       0.28722932472657081        3.8019961224970058     
   3.2999999999999998        3.3844050672598076      -0.17560685624132694        3.3889578674354781        10.770196139758902       -3.0759507296554780       0.74260440843350750       0.27264706734190952        3.8289100039156438     
   3.3999999999999999        3.4500623095398795      -0.13076512309363669        3.4525395663374145        11.111919508598886       -3.0912693286222264       0.72847209626397136       0.31939508153617080        3.8520437776722867     
   3.5000000000000000        3.4746526144337975      -0.16546886962369162        3.4785903377382867        11.458155254797569       -3.1060810282580928       0.72331665975229531       0.20742209386301189        3.8768609800979212     
   3.6000000000000001        3.4443667274867913      -0.17145988088655290        3.4486317060787601        11.804106221893599       -3.1229274657836052       0.72967669290710646       0.27536898491567097        3.8975681971384395     
   3.7000000000000002        3.3831072863343157      -0.11630520296539877        3.3851058788589108        12.145479922584656       -3.1373157199762027       0.74288927608767386       0.30026112299414870        3.9203958943843622     
   3.7999999999999998        3.4041615745450997      -7.50066734029144477E-002   3.4049878159347862        12.484843365628626       -3.1468813137946183       0.73829460436456662       0.32852913853317145        3.9418906433742831     
   3.8999999999999999        3.4236570736838683      -7.70525877856537145E-002   3.4245240340038574        12.826234298040074       -3.1544842768540469       0.73409049702736195       0.23484395457251545        3.9634970727473164     
   4.0000000000000000        3.4089904245201215      -7.21550276060631962E-002   3.4097539592291275        13.167866672950273       -3.1619446576236325       0.73724880680051319       0.21228849381022766        3.9803708000850335     
   4.0999999999999996        3.3902431929822767      -4.92573220012763949E-002   3.3906010073928488        13.507828353825392       -3.1680152751039996       0.74132561583613010       0.19711591866358466        3.9952999454494336     
   4.2000000000000002        3.3952817496022996      -3.36741858548898140E-002   3.3954487346999427        13.847104600954623       -3.1721618504968081       0.74022549768254797       0.16282507155303175        4.0082086955310876     
   4.2999999999999998        3.3988194498023767      -2.50092599650506911E-002   3.3989114603706478        14.186809660924855       -3.1750960227878049       0.73945502548479536       0.12386475939063099        4.0185810686865091     
   4.4000000000000004        3.3923324674665603      -1.07338289612609813E-002   3.3923494491151605        14.526367256788303       -3.1768831772341204       0.74086904717472502       0.11406528465053718        4.0262995393933796     
   4.5000000000000000        3.3942758187076367      -2.02913999246669141E-003   3.3942764252300526        14.865697671097012       -3.1775213256818069       0.74044487163354866       9.15291700189440199E-002   4.0325950261162706     
   4.5999999999999996        3.3987574762517747       4.44253518551538783E-003   3.3987603796820109        15.205349335844980       -3.1774006559221544       0.73946850883974491       6.18679075154877009E-002   4.0371000697676918     
   4.7000000000000002        3.3953341688132750       1.64737726581126696E-002   3.3953741330075138        15.545053918098235       -3.1763548405299731       0.74021406963611625       5.28215874839856117E-002   4.0394637350227223     
   4.7999999999999998        3.4022200512237273       2.19049278177472148E-002   3.4022905670755814        15.884931629100084       -3.1744359055061802       0.73871592226018645       2.50199347399987261E-002   4.0405548871217363     
   4.9000000000000004        3.4081030815692119       2.85356528952060498E-002   3.4082225423360657        16.225447785739732       -3.1719138764705326       0.73744075889706762       1.75028988039629858E-002   4.0396352451878252     
   5.0000000000000000        3.4094241167432262       3.70492482518712529E-002   3.4096254126555245        16.566324145655354       -3.1686346314131786       0.73715502583837578       1.30073675795201963E-002   4.0376374893087501     
   5.0999999999999996        3.4178638184301771       4.03988597180216721E-002   3.4181025656350084        16.907688542414022       -3.1647622260146839       0.73533477528258573       1.36230057202457715E-002   4.0346398903229295     
   5.2000000000000002        3.4273769745715508       4.08561693971447246E-002   3.4276204796332173        17.249950582064109       -3.1606994745589256       0.73329375248721029      -1.40083638583014328E-002   4.0311985141247622     
   5.2999999999999998        3.4312045148679813       4.96016937349135420E-002   3.4315630186362291        17.592879656536084       -3.1561765814023226       0.73247575654013009      -2.38449364443438644E-002   4.0259485986410155     
   5.4000000000000004        3.4391671455846580       5.51738753725031297E-002   3.4396096888735128        17.936398239558716       -3.1509378029469519       0.73077987096337482      -3.67775236133306843E-002   4.0195402812614995     
   5.5000000000000000        3.4505730428915515       5.47982196081260378E-002   3.4510081380956033        18.280885248982525       -3.1454391981979204       0.72836427214586119      -5.83289040323297231E-002   4.0120124241486526     
   5.5999999999999996        3.4584931054264394       5.61076475209004721E-002   3.4589481968356428        18.626338556398423       -3.1398939048414691       0.72669629409654191      -7.81633012930518928E-002   4.0029719892677038     
   5.7000000000000002        3.4671315042035498       6.02025690450311152E-002   3.4676541374191849        18.972619786879925       -3.1340783940131725       0.72488572176300248      -8.97118060023275737E-002   3.9925484856475171     
   5.7999999999999998        3.4809506421218757       5.77584119473205440E-002   3.4814297934956802        19.320023894196193       -3.1281803449635550       0.72200797462035349      -7.24581776862487925E-002   3.9811216525766127     
   5.9000000000000004        3.4903885683824756       6.15744642934026101E-002   3.4909316482778761        19.668590854721412       -3.1222137011515190       0.72005568252148566      -5.75358573942447993E-002   3.9703171231409500     
   6.0000000000000000        3.5017306510521924       6.22662581322685205E-002   3.5022842031194732        20.018196815693145       -3.1160216650302353       0.71772342687655066       4.81387436249902101E-002   3.9597521877831072     
   6.0999999999999996        3.5129560261512163       6.09132621267269581E-002   3.5134840923469488        20.368931149553315       -3.1098626890172856       0.71542999803085205       0.22079161886880988        3.9541079325727631     
   6.2000000000000002        3.5278645126037942       5.68625921067061127E-002   3.5283227422771715        20.720972176491067       -3.1039738963056140       0.71240664540625287       0.16007966749697325        3.9569049373029519     
   6.2999999999999998        3.5372155564139383       5.92227738130940498E-002   3.5377112982088978        21.074226179941952       -3.0981696280096243       0.71052331496014765       0.12959024455906992        3.9564184477065112     
   6.4000000000000004        3.5500925661502269       5.72307711927951060E-002   3.5505538426288408        21.428591586070162       -3.0923469507593300       0.70794608197984710       7.85710826998011619E-002   3.9540567017530490     
   6.5000000000000000        3.5637952278955742       5.38270131340464197E-002   3.5642017021647638        21.784285975772452       -3.0867940615429879       0.70522405529902632       3.14991688054494859E-002   3.9490888723193698     
   6.5999999999999996        3.5769054330823047       5.36127915896985816E-002   3.5773072007636904        22.141321008821343       -3.0814220713068008       0.70263924218597140      -5.44388167061864506E-003   3.9414969154500530     
   6.7000000000000002        3.5919073892739113       5.08199565568510717E-002   3.5922668833349460        22.499761649939156       -3.0762004338994733       0.69970459995069145       0.27179668064842877        3.9318059484960792     
   6.7999999999999998        3.6117677258892047       4.62307373999130689E-002   3.6120635911976158        22.859945405697310       -3.0713478992016352       0.69585707432309341       0.23901628696117524        3.9360594898377723     
   6.9000000000000004        3.6306213814103270       4.72462360462541781E-002   3.6309287822779406        23.222064861062290       -3.0666740505293268       0.69224351945383655       0.21562633723204214        3.9385259679022551     
   7.0000000000000000        3.6498832155275265       4.63164363497468520E-002   3.6501770777957740        23.586090090909181       -3.0619959169095270       0.68859028480136864       0.18534342317840038        3.9396136708597043     
   7.0999999999999996        3.6710132440018088       4.19973212885991140E-002   3.6712534661382481        23.952134913885647       -3.0575802290276095       0.68462681985099261       0.15436969336955439        3.9392238078541890     
   7.2000000000000002        3.6926256609787780       4.06479443478099736E-002   3.6928493778515610        24.320316859134678       -3.0534479657457889       0.68061979567288677       0.13521024345383031        3.9371777927539906     
   7.2999999999999998        3.7150759475567812       3.83011501180517203E-002   3.7152733781264713        24.690701939561453       -3.0495005110224960       0.67650679510998657       0.10426514520051447        3.9340626173463922     
   7.4000000000000004        3.7408219181146816       3.41650364980205165E-002   3.7409779300025434        25.063496832845029       -3.0458772016916922       0.67185077982500896       7.35121091383073161E-002   3.9295012301635062     
   7.5000000000000000        3.7659361024611355       3.30400081076771546E-002   3.7660810360314771        25.438834733873819       -3.0425169494614073       0.66737035746021967       5.03908583784572622E-002   3.9234215712404614     
   7.5999999999999996        3.7917078258818906       3.11160081871326120E-002   3.7918354978584548        25.816716930290969       -3.0393091486466668       0.66283433172683526       2.57068608114148257E-002   3.9161196888246423     
   7.7000000000000002        3.8188192266619101       2.85107514649050840E-002   3.8189256537502483        26.197243282918162       -3.0363278106640648       0.65812859255679590      -4.49096753228811919E-003   3.9075899449068010     
   7.7999999999999998        3.8478167030617594       2.48179098648887882E-002   3.8478967383508524        26.580575079404344       -3.0336613775975749       0.65316887908719468      -2.41134299339816893E-002   3.8976973997207374     
   7.9000000000000004        3.8765767918545357       2.36697847086836770E-002   3.8766490532228164        26.966794754150161       -3.0312369928688963       0.64832305867195172       2.83583779092551093E-002   3.8868316317449572     
   8.0000000000000000        3.9056608850097909       2.07356189452798483E-002   3.9057159285575938        27.355906637993375       -3.0290167226861979       0.64349522318180830       3.75253658676772415E-003   3.8786556957649219     
   8.0999999999999996        3.9390544826540275       1.64219974611640035E-002   3.9390887143243427        27.748142406376566       -3.0271588418658757       0.63803994941914566      -1.49906345218718765E-002   3.8695527148157529     
   8.1999999999999993        3.9722569148230531       1.64126310747449398E-002   3.9722908216567370        28.143707976250418       -3.0255171104390803       0.63270684066108296      -3.44211047069272191E-002   3.8595537467401249     
   8.3000000000000007        4.0033349797359836       1.48821563266681115E-002   4.0033626413996819        28.542487570978377       -3.0239523710690097       0.62779510972563746      -5.98612671073287944E-002   3.8485973573351631     
   8.4000000000000004        4.0384387433884177       1.09548150463705581E-002   4.0384536015749051        28.944576257134596       -3.0226605225003578       0.62233805749473703      -7.48536305367796112E-002   3.8366522741037166     
   8.5000000000000000        4.0729855767484882       1.07787838742445952E-002   4.0729998392564442        29.350147473141440       -3.0215738425543268       0.61705942128039903      -9.49397046334401612E-002   3.8239686695644295     
   8.5999999999999996        4.1059366618494177       8.94097689103060325E-003   4.1059463966528966        29.759093585071334       -3.0205878545160632       0.61210737764761136      -0.11254611472025781        3.8103407386486334     
   8.6999999999999993        4.1421189277944936       5.82080153730289533E-003   4.1421230176956287        30.171496364553526       -3.0198497655946466       0.60676049304312196       0.15456466353103571        3.7961310058946474     
   8.8000000000000007        4.1789653077998343       4.70012571348771366E-003   4.1789679509391178        30.587550576333250       -3.0193237192321072       0.60141062147152347       0.15069472806850101        3.7953850729797991     
   8.9000000000000004        4.2153342735781658       3.35384960372173092E-003   4.2153356077909061        31.007265555402149       -3.0189210204662467       0.59622178450357011       0.14002738639471149        3.7945496650473594     
   9.0000000000000000        4.2543269102639325       9.51709078671545967E-004   4.2543270167143978        31.430748614594254       -3.0187057425321271       0.59075716932056699       0.13076737115237752        3.7934592822409399     
   9.0999999999999996        4.2931526738567083       6.36081422240262324E-004   4.2931527209782070        31.858122593800285       -3.0186263530070816       0.58541456915252477       0.12074386002414349        3.7919898833613286     
   9.1999999999999993        4.3301753798645111      -2.57883285400602657E-004   4.3301753875436209        32.289288996486341       -3.0186074431002394       0.58040931426441977       0.10713865479557434        3.7901112139514677     
   9.3000000000000007        4.3679366705132230      -2.24268955768167294E-003   4.3679372462605954        32.724194599005237       -3.0187324717423936       0.57539161220863810       9.66096060187084937E-002   3.7877869210489394     
   9.4000000000000004        4.4085199694943222      -3.86634154816295744E-003   4.4085216649152565        33.163017431005613       -3.0190379232976858       0.57009475748390881       8.52196341081584152E-002   3.7852206599893967     
   9.5000000000000000        4.4483957799734597      -3.77008521439468674E-003   4.4483973775763568        33.605863218479001       -3.0194197446358135       0.56498437800577839       7.01053880036087429E-002   3.7821413194696722     
   9.5999999999999996        4.4872657711767951      -4.90982229872894815E-003   4.4872684572610408        34.052646296036514       -3.0198537400114698       0.56009032026037608       5.30706056755148592E-002   3.7784376102824373     
   9.6999999999999993        4.5293502721898546      -6.68179473754208341E-003   4.5293552007506790        34.503477098204847       -3.0204333208632832       0.55488623573745255       4.28335580083381434E-002   3.7741977964885569     
   9.8000000000000007        4.5700070234484373      -6.14447506654099054E-003   4.5700111541375792        34.958444962986768       -3.0210746343534876       0.54994972873703973       3.23321383837163537E-002   3.7694757323022978     
   9.9000000000000004        4.6088484109584913      -7.17558978813911952E-003   4.6088539968503470        35.417387734707113       -3.0217406375962215       0.54531498950931101       1.84745298457336775E-002   3.7643712030854433     
   10.000000000000000        4.6508849546030975      -8.96038030771181132E-003   4.6508935861153295        35.880374402985190       -3.0225474361010138       0.54038621625856043       1.05601349579015381E-002   3.7589011296243902     
   10.100000000000000        4.6933383837868199      -9.13119245847690206E-003   4.6933472664402744        36.347585569904687       -3.0234520147393233       0.53549817152625578       3.53428739673098107E-003   3.7531495550075782     
   10.199999999999999        4.7368605695540307      -8.22810088515652308E-003   4.7368677158054471        36.819095517571725       -3.0243199794065050       0.53057802440413737      -1.38965081140681943E-002   3.7469695567510928     
   10.300000000000001        4.7744627892709284      -1.14273110457400566E-002   4.7744764644482718        37.294661685512978       -3.0253027500030498       0.52639935293235729      -2.24883194004976451E-002   3.7404392283387820     
   10.400000000000000        4.8230919204795448      -8.55906960432627900E-003   4.8230995149455040        37.774539421000497       -3.0263020690355531       0.52109189795867450      -3.75482905111892626E-002   3.7332001280308877     
   10.500000000000000        4.8570672126975127      -1.01159144232518747E-002   4.8570777469982716        38.258547377659347       -3.0272358182369321       0.51744684864593726      -5.00317913978178958E-002   3.7253971833335786     
   10.600000000000000        4.9069917952153670      -1.40774721065030344E-002   4.9070119883215932        38.746750328054986       -3.0284454875634199       0.51218225498612791      -5.05776027995363670E-002   3.7177934809103395     
   10.699999999999999        4.9549289614601424      -1.04596854499897050E-002   4.9549400014668388        39.239846365888759       -3.0296723454412446       0.50722707478155460      -6.21827757469617173E-002   3.7097836094294872     
   10.800000000000001        4.9852570988096732      -7.11380852721154363E-003   4.9852621744000585        39.736855668902258       -3.0305510201401047       0.50414132572459047      -9.08876458940041793E-002   3.7004842899102548     
   10.900000000000000        5.0223240762507046      -1.45447342676163511E-002   5.0223451371030254        40.237234727655277       -3.0316339472798459       0.50042053931893193      -8.83793672007058412E-002   3.6910088515433275     
   11.000000000000000        5.0905103527192503      -1.89612995354198483E-002   5.0905456664312458        40.742876449103775       -3.0333092489699975       0.49371751528396224      -7.07083129232311813E-002   3.6829006617239166     
   11.100000000000000        5.1422752815828572      -1.01210053505292486E-002   5.1422852416340499        41.254515730818881       -3.0347633642142950       0.48874748729869960      -9.27745091779429987E-002   3.6743102819238023     
   11.199999999999999        5.1715260625398134      -9.12678218062526123E-003   5.1715341160705419        41.770205798025010       -3.0357257535908526       0.48598307201366558      -2.52315136771454583E-002   3.6641444523973643     
   11.300000000000001        5.2060881587345831      -1.05285862358798516E-002   5.2060988050213348        42.289086509088740       -3.0367085220116778       0.48275673523798396      -2.63166142937718457E-002   3.6576177426044976     
   11.400000000000000        5.2380917086492271      -8.92570131892332815E-003   5.2380993133353071        42.811295502457931       -3.0376812363894179       0.47980720129849447      -3.62020468342184459E-002   3.6508019738473321     
   11.500000000000000        5.2699335625438390      -1.14822347725475407E-002   5.2699460713883370        43.336696766017582       -3.0387016331939916       0.47690812285281581      -3.57186759429484607E-002   3.6439995880749279     
   11.600000000000000        5.3239831228903673      -1.81094164633794560E-002   5.3240139222006277        43.866392600289288       -3.0401812157557879       0.47206650826259361      -1.26073996728132444E-002   3.6388083606695374     
   11.699999999999999        5.3972915361785327      -1.95431538945392454E-002   5.3973269181483321        44.402456333242732       -3.0420638442736840       0.46565469106590424      -4.99064152327619547E-003   3.6355306460464925     
   11.800000000000001        5.4606938105157887      -1.45084420395828421E-002   5.4607130841215108        44.945355600577457       -3.0437664240703901       0.46024813147954979      -3.16707854915847103E-002   3.6317999754511328     
   11.900000000000000        5.5003572090841608      -9.81848533369286333E-003   5.5003659723856870        45.493408151557453       -3.0449827704390540       0.45692925519837435      -6.46876835202862821E-002   3.6256132855783845     
   12.000000000000000        5.5264112535885612      -8.04353493059596115E-003   5.5264171071540078        46.044746574691089       -3.0458758714522682       0.45477508052623594      -8.25037136904201857E-002   3.6172395244419304     
   12.100000000000000        5.5512896444816926      -8.70463008502963750E-003   5.5512964690704996        46.598631619594599       -3.0467132797030496       0.45273698254425915      -8.51217530670158734E-002   3.6081012572959126     
   12.199999999999999        5.5846707128434723      -1.14182742369910335E-002   5.5846823855863255        47.155429637460855       -3.0477194249191508       0.45003085268606363      -7.65402428020613285E-002   3.5995496629824544     
   12.300000000000001        5.6356338410896409      -1.59243781450187222E-002   5.6356563394740533        47.716444865157520       -3.0490865575382515       0.44596121638482761      -5.89056635224067815E-002   3.5926787915468061     
   12.400000000000000        5.7061347316370510      -1.90252006335846872E-002   5.7061664481378207        48.283533293793852       -3.0508340364771818       0.44045124082634363      -4.58481513282778044E-002   3.5877460120879836     
   12.500000000000000        5.7836263407006845      -1.86431749325002317E-002   5.7836563882044683        48.858021347410734       -3.0527174552554861       0.43454987836703024      -4.95629485699335265E-002   3.5836969555710665     
   12.600000000000000        5.8517149871517500      -1.48935264177926466E-002   5.8517339402937285        49.439788413803356       -3.0543942903230006       0.42949359775554269       0.15863858029133329        3.5787575541613177     
   12.699999999999999        5.9001312991555510      -1.07598933669286780E-002   5.9001411103956007        50.027380728118722       -3.0556769613122365       0.42596918533517103       0.13200977526984395        3.5832365437105373     
   12.800000000000001        5.9340113757566426      -8.52100570916955631E-003   5.9340174936671310        50.619087861864337       -3.0566410062660414       0.42353712585381897       0.11456394505749791        3.5857663216221649     
   12.900000000000000        5.9626282944501297      -8.18715203292549529E-003   5.9626339152454824        51.213919845374676       -3.0574764141531463       0.42150441026336144       0.10673528638758825        3.5873188975890256     
   13.000000000000000        5.9944344364624120      -9.09121337344075305E-003   5.9944413303665787        51.811772981920299       -3.0583403324234646       0.41926793086338793       0.10500237173303401        3.5887718906873793     
   13.100000000000000        6.0311218836614913      -9.56797162398768768E-003   6.0311294731303464        52.413050797926495       -3.0592732916733358       0.41671751480937191       0.10157392184200763        3.5904025261834964     
   13.199999999999999        6.0694661316649663      -9.35268890584864745E-003   6.0694733376313517        53.018080198692815       -3.0602193246998275       0.41408487474044064       9.47284129609219927E-002   3.5919529144791360     
   13.300000000000001        6.1059612747735867      -8.44934441065189196E-003   6.1059671208135127        53.626851569014754       -3.0611094263656526       0.41160990215500970       8.47653808493677302E-002   3.5930510848921808     
   13.400000000000000        6.1378627284545599      -7.37396347123337771E-003   6.1378671579538873        54.239042769176159       -3.0619005917597470       0.40947056557986050       7.41152651913121324E-002   3.5934569973442407     
   13.500000000000000        6.1672791663670035      -7.14365314621949812E-003   6.1672833036665953        54.854299863917234       -3.0626264725906198       0.40751748949161709       6.79722825490513688E-002   3.5933321719584792     
   13.600000000000000        6.1992430486391710      -7.86040886399486625E-003   6.1992480319897343        55.472625974667544       -3.0633766756911305       0.40541629085240283       6.74410060798684430E-002   3.5931801258181175     
   13.699999999999999        6.2389809254207860      -9.53219852805829368E-003   6.2389882072795420        56.094537173370540       -3.0642463060607330       0.40283407705759694       7.24907543617850647E-002   3.5935826277211387     
   13.800000000000001        6.2918186384946875      -1.19851744212006433E-002   6.2918300536580807        56.721077151566320       -3.0653221747081960       0.39945113921356340       8.22997664780309029E-002   3.5950834734077102     
   13.900000000000000        6.3588404471694711      -1.38693516738626794E-002   6.3588555724654015        57.353610105849526       -3.0666149010129491       0.39524094742628357       8.99247100523771908E-002   3.5978254620920711     
   14.000000000000000        6.4349202915901280      -1.46080137214094768E-002   6.4349368725095708        57.993298142787502       -3.0680387692827127       0.39056802710617278       9.15316523610129329E-002   3.6013900497868820     
   14.100000000000000        6.5138277151228152      -1.41931038644637474E-002   6.5138431779172752        58.640735543123149       -3.0694788251620064       0.38583675110671051       8.68795688367360736E-002   3.6051302049158784     
   14.199999999999999        6.5889100264818685      -1.25591579333496871E-002   6.5889219960112815        59.295872430203381       -3.0708164382518972       0.38144004285543276       7.56482395541466929E-002   3.6083606275716513     
   14.300000000000001        6.6532054098113642      -9.88186662848344367E-003   6.6532127484720691        59.957978202018055       -3.0719384894799888       0.37775387472113120       5.84431893429175134E-002   3.6104141767184394     
   14.400000000000000        6.7038468479936322      -7.38427666187716023E-003   6.7038509148769094        60.625830814908305       -3.0728017966445069       0.37490028932030606       4.12267437646131607E-002   3.6109752457217561     
   14.500000000000000        6.7435159157159328      -5.52483955902151498E-003   6.7435181789156795        61.298198953093781       -3.0734472524555518       0.37269491972497404       2.71873218690389246E-002   3.6101960813085796     
   14.600000000000000        6.7756867596372761      -4.28820979475622727E-003   6.7756881166024119        61.974159086861441       -3.0739379049232407       0.37092537067141190       1.65902544029339592E-002   3.6084114556046698     
   14.699999999999999        6.8039309907504029      -3.67286053722609912E-003   6.8039319820819992        62.653139974380821       -3.0743359584398400       0.36938559874997301       9.59938675293707175E-003   3.6059789369484836     
   14.800000000000001        6.8319835487581262      -3.67970643974149976E-003   6.8319845397030257        63.334935701356258       -3.0747035867886883       0.36786887804035789       6.50617827162072813E-003   3.6032739132382421     
   14.900000000000000        6.8630859460228235      -4.02172085707555409E-003   6.8630871243730143        64.019689176095298       -3.0750886581535291       0.36620175568809299       5.99577254849286215E-003   3.6006154211877508     
   15.000000000000000        6.8976658847996060      -4.23066088630163345E-003   6.8976671822305162        64.707726767636416       -3.0755012772406980       0.36436588330703862       5.46856082568467246E-003   3.5981181950107755     
   15.100000000000000        6.9347074205730364      -4.27167458431290496E-003   6.9347087362162867        65.399345432905051       -3.0759263940142287       0.36241963365545349       4.25506950736799765E-003   3.5957377207975383     
   15.199999999999999        6.9731826357599784      -4.15404223102597281E-003   6.9731838730762963        66.094739935721705       -3.0763476798549956       0.36041994798518900       2.31395418645906304E-003   3.5933940566780089     
   15.300000000000001        7.0120354558645461      -3.88098425057533704E-003   7.0120365298777694        66.794000840302942       -3.0767494311790755       0.35842290568708501      -4.73977611041038452E-004   3.5910046785668523     
   15.400000000000000        7.0501592640086459      -3.45059107515729513E-003   7.0501601084277299        67.497110576296606       -3.0771160099453621       0.35648473016804066      -4.23854583514596869E-003   3.5884794655925996     
   15.500000000000000        7.0865063900520893      -2.93326226648345494E-003   7.0865069971232391        68.203943858999637       -3.0774352026124441       0.35465629811608207      -8.68360475139827274E-003   3.5857387879049347     
   15.600000000000000        7.1212234561651702      -2.58305494272409539E-003   7.1212239246361193        68.914330351310497       -3.0777110184729044       0.35292729379190840      -1.24418634202863917E-002   3.5827865643103354     
   15.699999999999999        7.1556187353854481      -2.45526341585226154E-003   7.1556191566151481        69.628172460888024       -3.0779629343908330       0.35123086008528837      -1.49321203486563140E-002   3.5797200860960614     
   15.800000000000001        7.1911103177144344      -2.53980132770908768E-003   7.1911107662258811        70.345508913543028       -3.0782126876280111       0.34949736714241281      -1.61079630387445175E-002   3.5766667615652263     
   15.900000000000000        7.2291522891468949      -2.83255330674924300E-003   7.2291528440776531        71.066522043886096       -3.0784813053597340       0.34765820698576311      -1.59274466510604014E-002   3.5737557641385163     
   16.000000000000000        7.2712513224986406      -3.33162591092500248E-003   7.2712520857600200        71.791542224468373       -3.0787895143206176       0.34564533825082955      -1.43290210161584625E-002   3.5711179004278297     
   16.100000000000001        7.3189913615179174      -4.04449966722372507E-003   7.3189924790200092        72.521054358669204       -3.0791583205995252       0.34339077595940704      -1.12223812038956174E-002   3.5688885508192119     
   16.199999999999999        7.3739562700651753      -4.90669206688005167E-003   7.3739579025419282        73.255701740248341       -3.0796058801862305       0.34083116726289192      -6.91725391518143318E-003   3.5671896137762964     
   16.300000000000001        7.4362810483534156      -5.58658004963251149E-003   7.4362831468400143        73.996213606169277       -3.0801305437920563       0.33797460135376917      -3.19523907873827057E-003   3.5660352178261170     
   16.399999999999999        7.5043954026384494      -5.98352589284395844E-003   7.5043977880788812        74.743247428718860       -3.0807090490891800       0.33490694293482981      -9.32215336532276457E-004   3.5653100207785471     
   16.500000000000000        7.5765016368736360      -6.10139494084140348E-003   7.5765040936152808        75.497292280694481       -3.0813132951308644       0.33171960402412198      -2.06491925024938645E-004   3.5648508849335880     
   16.600000000000001        7.6507117621161020      -5.93405766714171987E-003   7.6507140634075501        76.258652950643977       -3.0819150677612637       0.32850200099247900      -1.06073838962786131E-003   3.5644890271017604     
   16.699999999999999        7.7250126525199097      -5.47319432991305501E-003   7.7250145914068584        77.027439171375761       -3.0824854303611162       0.32534239565963702      -3.57411660675804226E-003   3.5640516459503755     
   16.800000000000001        7.7972612550541456      -4.70988341614069113E-003   7.7972626775407754        77.803552866754472       -3.0829945842484188       0.32232780724677434      -7.81998277053442235E-003   3.5633599785412566     
   16.899999999999999        7.8651718996252686      -3.63045265285842460E-003   7.8651727375081482        78.586674524488430       -3.0834116010518686       0.31954471624346542      -1.38971582304878889E-002   3.5622280857653026     
   17.000000000000000        7.9264365745602712      -2.30050431534642354E-003   7.9264369084000705        79.376254948197712       -3.0837081489002789       0.31707490487442164      -2.15165437295522892E-002   3.5604824151043939     
   17.100000000000001        7.9801867487437965      -1.03064166747951079E-003   7.9801868152975173        80.171586114362924       -3.0838747061994201       0.31493926169929071      -2.91163147994507876E-002   3.5580505731570788     
   17.199999999999999        8.0271606441450825       8.86148780332349884E-005   8.0271606446342094        80.971953484007358       -3.0839218075388923       0.31309627828427572      -3.59425874319979147E-002   3.5549736178167555     
   17.300000000000001        8.0682837737476891       1.05936987678183279E-003   8.0682838432955979        81.776725704902006       -3.0838644083011517       0.31150046197549985      -4.19260770838140173E-002   3.5513335847529834     
   17.399999999999999        8.1045254410943510       1.87960999506430458E-003   8.1045256590549037        82.585366165644089       -3.0837174593075596       0.31010749995652653      -4.70445828718598635E-002   3.5472171529605827     
   17.500000000000000        8.1369053770923436       2.54865432793534036E-003   8.1369057762390966        83.397437706553433       -3.0834960460914096       0.30887346065832372      -5.12613078203841138E-002   3.5427130500077597     
   17.600000000000001        8.1664833989885839       3.06672518606269755E-003   8.1664839748057734        84.212607145357495       -3.0832152771157095       0.30775475808633895      -5.45535244446424469E-002   3.5379127097580438     
   17.699999999999999        8.1943519496815025       3.43454259371577192E-003   8.1943526694505806        85.030648912790980       -3.0828902137267207       0.30670810068995391      -5.69054812225756948E-002   3.5329095138089195     
   17.800000000000001        8.2216360463500990       3.65131596324304785E-003   8.2216368571441745        85.851448312592566       -3.0825359207988727       0.30569026756998974      -5.82930746954774884E-002   3.5277988690756139     
   17.899999999999999        8.2494530846115524       3.73844232863924627E-003   8.2494539316950011        86.675002769140633       -3.0821664328842786       0.30465948434327977      -5.88079130802109940E-002   3.5226721325066821     
   18.000000000000000        8.2784669218045437       3.78081647077377694E-003   8.2784677851632171        87.501398769461446       -3.0817904699443082       0.30359173342254414      -5.88918971489626603E-002   3.5175910950721527     
   18.100000000000001        8.3088803897802883       3.80013050502941508E-003   8.3088812587897358        88.330766135040705       -3.0814114225955178       0.30248047931501071      -5.87490261238586067E-002   3.5125864145843329     
   18.199999999999999        8.3408703541915887       3.79445398557757370E-003   8.3408712172837909        89.163253672239279       -3.0810316933709876       0.30132036779696780      -5.83962126506535686E-002   3.5076783350297553     
   18.300000000000001        8.3746241541473747       3.76318955975710537E-003   8.3746249996536726        89.999028397656232       -3.0806538111937209       0.30010590046923874      -5.78371027650781550E-002   3.5028865005451344     
   18.399999999999999        8.4103352866769594       3.70555603150714069E-003   8.4103361030026083        90.838276369697425       -3.0802803739141575       0.29883162052447304      -5.70781245621542616E-002   3.4982306634593758     
   18.500000000000000        8.4482045464373012       3.62061762451963221E-003   8.4482053222750135        91.681203361353155       -3.0799140652313564       0.29749210131657017      -5.61213728133784506E-002   3.4937305545086943     
   18.600000000000001        8.4884408827031095       3.50728923176068120E-003   8.4884416072812385        92.528035632810187       -3.0795576698885423       0.29608194927682557      -5.49664033188541901E-002   3.4894061165805970     
   18.699999999999999        8.5312623857610426       3.36432067489171984E-003   8.5312630491243677        93.379020796233377       -3.0792140893932096       0.29459580648540029      -5.36116874286098957E-002   3.4852776588224810     
   18.800000000000001        8.5768974024380036       3.19027762610282544E-003   8.5768979957685811        94.234428785643345       -3.0788863594781599       0.29302835337139865      -5.20550875303490701E-002   3.4813659399732932     
   18.899999999999999        8.6255857941993508       2.98351937879233779E-003   8.6255863101867760        95.094552945475201       -3.0785776696279150       0.29137431159307403      -5.02938894473410128E-002   3.4776922281579798     
   19.000000000000000        8.6775803564953993       2.74217419733888525E-003   8.6775807897682018        95.959711253009957       -3.0782913849491083       0.28962844705789237       2.93954732177973757E-002   3.4742783605803038     
   19.100000000000001        8.7331484209317107       2.46411221283727739E-003   8.7331487685640070        96.830247691881326       -3.0780310706285996       0.28778557305266794       3.04879179692840764E-002   3.4750328199200875     
   19.199999999999999        8.7925736656781908       2.14691538719659217E-003   8.7925739277883412        97.706533796211801       -3.0778005192485978       0.28584055345278475       3.18115652683703468E-002   3.4760383391229537     
   19.300000000000001        8.8561581639557243       1.78784367426304438E-003   8.8561583444168743        98.588970387693507       -3.0776037812955246       0.28378830598360116       3.33706852507936746E-002   3.4773196019464918     
   19.399999999999999        8.9242247060210218       1.38379617696762986E-003   8.9242248133071964        99.477989531192321       -3.0774451993029630       0.28162380550280985       3.51694571812445692E-002   3.4789020933332875     
   19.500000000000000        8.9971194333653983       9.31267565695691191E-004   8.9971194815618958        100.37405673816166       -3.0773294461158298       0.27934208737426275       3.72118784350305223E-002   3.4808121390193438     
   19.600000000000001        9.0752148462793976       4.26279218599461994E-004   9.0752148562909500        101.27767345214392       -3.0772615687766152       0.27693825054755716       3.95018059785066517E-002   3.4830769467508977     
   19.699999999999999        9.1589134192190276      -1.35583913507343222E-004   9.1589134202225857        102.18937986541881       -3.0772470340113607       0.27440745510247866       4.20424009168913551E-002   3.4857246193188116     
   19.800000000000001        9.2486471563592634      -7.58304710701679266E-004   9.2486471874462985        103.10975789419774       -3.0772917284425709       0.27174505420976475       4.48313237767130335E-002   3.4887838391699595     
   19.899999999999999        9.3449341348031538      -1.46939169066458196E-003   9.3449342503262756        104.03943695875584       -3.0774031132626392       0.26894508689062852       4.79830805142379413E-002   3.4922908157381665     
   20.000000000000000        9.4480445963000417      -2.05934426987098261E-003   9.4480448207326599        104.97908589531102       -3.0775795500606660       0.26600997669465493       5.04015228672038754E-002   3.4962210860051330     
