Title = "Nombre d'onde, PSE linéaire - Jet compressible - Rans Francisco n = 0, st =  0.4000"
Variables = x, Re(alpha), Im(alpha), abs(alpha), Re(int(alpha)), Im(int(alpha)), C<sub>ph</sub>, sigma, N
Zone T = "_FrancCase_2 nombre d'onde PSE",I = 201, F = point
   0.0000000000000000        2.7878995490258456       -1.5909849472400865        3.2099247651312726        0.0000000000000000        0.0000000000000000       0.90149378723133289        1.5909849472400865        0.0000000000000000     
  0.10000000000000001        2.2622386052296961       -1.0057652133101154        2.4757397220419484       0.25250690771277712      -0.12983750802751010        1.1109677454278302        2.3180365640721137       0.13056124062594843     
  0.20000000000000001        2.4135176187185814      -0.91989760349240601        2.5828818975663759       0.48629471891019099      -0.22612064886763616        1.0413324118206426        1.8892164040386024       0.29538811983230628     
  0.29999999999999999        2.4509156613747765       -1.2621452961807269        2.7568094471405336       0.72951638291485887      -0.33522279385129278        1.0254429242424767        1.6046685893398833       0.44315983109108581     
  0.40000000000000002        2.4005876217322109       -1.5031459596484968        2.8323609772805289       0.97209154707020828      -0.47348735664275399        1.0469412156088314        1.6814880467318003       0.58807611698038065     
  0.50000000000000000        2.4481184054333509       -1.7689237393838588        3.0203269562710107        1.2145268484284863      -0.63709084159437168        1.0266146103447762        1.5805016674674255       0.74784093562166032     
  0.59999999999999998        2.4108402455354634       -1.5697347720118098        2.8768416612591770        1.4574747809769271      -0.80402376716415502        1.0424888698146069        2.4510674602454392       0.88621634989370091     
  0.69999999999999996        2.6828056760953265       -1.3163112918087507        2.9883309242171494        1.7121570770584664      -0.94832607035518302       0.93680811296394906        2.2205979569443151        1.0664855822773678     
  0.80000000000000004        3.0540674619845940       -1.4821924629985725        3.3947345344993907        1.9990007339624627       -1.0882512580955492       0.82292685219162076        1.9752020057006217        1.2390357992469123     
  0.90000000000000002        3.1024145512581325       -1.6521182098043994        3.5148926906842393        2.3068248346245990       -1.2449667917356977       0.81010260922500443        2.0282030063806054        1.4061042161736301     
   1.0000000000000000        3.1528801458069267       -1.6708310906214110        3.5682390260758376        2.6195895694778519       -1.4111142567569881       0.79713595399884896        2.2597177610530093        1.5832650388581622     
   1.1000000000000001        3.3583795888927437       -1.6453059794905802        3.7397520277738807        2.9451525562128360       -1.5769211102625877       0.74835915844178291        2.4582726813513247        1.7731708901568419     
   1.2000000000000000        3.0641391256530328       -1.4343299758613086        3.3832308613235420        3.2662784919401244       -1.7309029080301821       0.82022193503899821        2.3996043014699731        1.9468621968404962     
   1.3000000000000000        3.3735663085172458      -0.99172281500654824        3.5163139478390137        3.5881637636486388       -1.8522055475735750       0.74499028417688695        2.3319115689658894        2.1220935340184988     
   1.3999999999999999        3.6677696913048186       -1.0747069720474198        3.8219797990336861        3.9402305636397417       -1.9555270369262734       0.68523226221920464        1.9042486278541055        2.2873482579703506     
   1.5000000000000000        3.6165593708562951       -1.2143179992810884        3.8149796704971450        4.3044470167477975       -2.0699782854926987       0.69493512069090269        1.8131074664965032        2.4359576471936242     
   1.6000000000000001        3.5932632602591750       -1.1660507612575026        3.7777261990988174        4.6649381483035715       -2.1889967235196282       0.69944057555375361        1.9089456577273776        2.5852919551413542     
   1.7000000000000000        3.5027923694768890       -1.0032607194803407        3.6436364328672708        5.0197409297903741       -2.2974622975565202       0.71750588038627305        1.8510137201558041        2.7320250297598623     
   1.8000000000000000        3.3233070574150370      -0.81435279282744388        3.4216283066765811        5.3610459011349709       -2.3883429731719095       0.75625696917296914        1.4887539467706961        2.8585244877104250     
   1.8999999999999999        3.6639320507161584      -0.57596898822033205        3.7089268458216678        5.7104078565415302       -2.4578590622242982       0.68594998162713894        1.4133240481013087        2.9688812369909674     
   2.0000000000000000        3.7390025452604347      -0.75723934097694989        3.8149117228301908        6.0805545863403605       -2.5245194786841623       0.67217769778136804        1.0289306679822987        3.0716681155647252     
   2.1000000000000001        3.6372132161509820      -0.79921082400229149        3.7239841461727239        6.4493653744109318       -2.6023419869331246       0.69098894497349905        1.0969998058239330        3.1625068541621175     
   2.2000000000000002        3.6038244732037450      -0.73103689143956041        3.6772225619763437        6.8114172588786683       -2.6788543727052172       0.69739082509686501        1.1207551883530200        3.2580491862352168     
   2.2999999999999998        3.3408200452199543      -0.60524462912694332        3.3952024439833433        7.1586494847998523       -2.7456684487335421       0.75229257752683432       0.93295600177917670        3.3410575427226541     
   2.3999999999999999        3.4826920523004072      -0.32410766448073708        3.4977406578149246        7.4998250896758707       -2.7921360634139263       0.72164695733340900       0.87663430005630893        3.4126049369759710     
   2.5000000000000000        3.6873131388725602      -0.42062266945448606        3.7112264299232982        7.8583253492345193       -2.8293725801106873       0.68160040338757288       0.53294279601933592        3.4758949451366581     
   2.6000000000000001        3.6216450414776746      -0.53005890224284846        3.6602288516302806        8.2237732582520309       -2.8769066586955541       0.69395926273503283       0.50498584278090541        3.5267609626612737     
   2.7000000000000002        3.5457077107257362      -0.49242372171223187        3.5797380199680626        8.5821408958622012       -2.9280307898933082       0.70882157468005647       0.56367885289698605        3.5804566601141388     
   2.7999999999999998        3.3771425078231334      -0.38265846970032419        3.3987525686020916        8.9282834067896442       -2.9717848994639358       0.74420138239646327       0.50250138398253064        3.6302260578866581     
   2.8999999999999999        3.4183407079209305      -0.21126094801647399        3.4248626809824341        9.2680575675768484       -3.0014808703497757       0.73523218942105784       0.46245114098756118        3.6716567658535522     
   3.0000000000000000        3.5762388791496793      -0.23433767427586299        3.5839082949102892        9.6177865469303789       -3.0237608014643924       0.70277020294276726       0.27270745672858654        3.7074778766476650     
   3.1000000000000001        3.5409085959508575      -0.31686504109315056        3.5550579656519861        9.9736439206854062       -3.0513209372328429       0.70978226485310691       0.17718281445919210        3.7359520276446898     
   3.2000000000000002        3.4577578112548530      -0.29084522830877396        3.4699683036194919        10.323577241045692       -3.0817064507029390       0.72685082647814003       0.20440425725765057        3.7625665666947907     
   3.2999999999999998        3.3834697491543064      -0.20130304129606041        3.3894528257341698        10.665638619066149       -3.1063138641831807       0.74280969218064496       0.32428193788720705        3.7867333046473224     
   3.3999999999999999        3.4134372738935168      -0.12037466352036488        3.4155591171026809        11.005483970218540       -3.1223977494240018       0.73628835722095554       0.28760020803727770        3.8128710222400519     
   3.5000000000000000        3.4758646557438988      -0.13769282845404252        3.4785908670117167        11.349949066700411       -3.1353011240227224       0.72306443771296602       0.27422746025964689        3.8352567442165393     
   3.6000000000000001        3.4602270497646384      -0.16848095785796874        3.4643263514114300        11.696753651975838       -3.1506098133383231       0.72633214142487712       0.19946431185592464        3.8582813466353909     
   3.7000000000000002        3.3883463857267602      -0.12528235460168075        3.3906617197889468        12.039182323750408       -3.1652979789613056       0.74174061231132571       0.31847582321464424        3.8776437257226393     
   3.7999999999999998        3.3854990878080651      -7.18667822460244965E-002   3.3862617896346463        12.377874597427148       -3.1751554358036906       0.74236443658268680       0.29584054117369168        3.9003238303754757     
   3.8999999999999999        3.4093478499064651      -5.79614003208679673E-002   3.4098405073535321        12.717616944312875       -3.1816468449320352       0.73717151593692198       0.21998563486566960        3.9199006233364173     
   4.0000000000000000        3.4077786231792619      -6.06154798984420012E-002   3.4083176760684828        13.058473267967161       -3.1875756889430007       0.73751097145127753       0.16411150382087211        3.9353055380569684     
   4.0999999999999996        3.3832989345800004      -4.42774620087281676E-002   3.3835886532455599        13.398027145855123       -3.1928203360383591       0.74284719484411443       0.19650467394006937        3.9475347151984326     
   4.2000000000000002        3.3789917209901756      -2.39504083829754494E-002   3.3790766005791966        13.736141678633633       -3.1962317295579443       0.74379410498684140       0.17053211082235606        3.9602330827999470     
   4.2999999999999998        3.3821890781782606      -1.11634479968903584E-002   3.3822075014876734        14.074200718592053       -3.1979874223769378       0.74309095818662885       0.12943629399628045        3.9705927118657027     
   4.4000000000000004        3.3770015262503126       1.13251211345839048E-003   3.3770017161500863        14.412160248813484       -3.1984889691711094       0.74423245098810287       0.10789931096267953        3.9781175778932369     
   4.5000000000000000        3.3755382496223145       9.21640930942643419E-003   3.3755508316219798        14.749787237607114       -3.1979715230999650       0.74455507152171718       8.09276256089601076E-002   3.9837194959892481     
   4.5999999999999996        3.3770393173161568       1.67749327171552234E-002   3.3770809805313879        15.087416115954037       -3.1966719559986361       0.74422412258712323       4.92265000361472652E-002   3.9873216285871100     
   4.7000000000000002        3.3719208549434172       2.86304953019725188E-002   3.3720424014628851        15.424864124567017       -3.1944016845976795       0.74535382975767051       3.47627690929034894E-002   3.9886620437807405     
   4.7999999999999998        3.3765806517160200       3.38164525776803448E-002   3.3767499833431436        15.762289199899989       -3.1912793372036967       0.74432521598278945       3.30248386721322396E-002   3.9884789473898361     
   4.9000000000000004        3.3804023419350568       3.99966716869602293E-002   3.3806389524919771        16.100138349582544       -3.1875886809904648       0.74348372431701470       2.13582909069678917E-002   3.9876036118475722     
   5.0000000000000000        3.3796218117233114       4.78094536931555764E-002   3.3799599604342054        16.438139557265462       -3.1831983747214592       0.74365543332503370       1.44385070603833335E-002   3.9854836193618688     
   5.0999999999999996        3.3861510044216874       5.06247423587074530E-002   3.3865294165686630        16.776428198072711       -3.1782766649188661       0.74222151333179265      -4.99348213829802368E-003   3.9822775079578210     
   5.2000000000000002        3.3936460815170473       5.06966946154480264E-002   3.3940247320019550        17.115418052369648       -3.1732105930701584       0.74058227125096565      -2.52267830168087341E-002   3.9776562582719870     
   5.2999999999999998        3.3957685937651036       5.86204669839703110E-002   3.3962745327124022        17.454888786133754       -3.1677447349901877       0.74011937311818066      -2.81869467471857378E-002   3.9716198517597823     
   5.4000000000000004        3.4022231699757595       6.32753350213188931E-002   3.4028115237758860        17.794788374320799       -3.1616499448899233       0.73871524509361963      -3.03238222498650525E-002   3.9647880729364657     
   5.5000000000000000        3.4122845887432907       6.20840357990354239E-002   3.4128493289443740        18.135513762256750       -3.1553819763489055       0.73653707875445629      -4.16929382704348331E-002   3.9573987685371264     
   5.5999999999999996        3.4186633239393220       6.26774444322239221E-002   3.4192378367829881        18.477061157890880       -3.1491439023373426       0.73516280625604025      -5.16516586677538692E-002   3.9490821894819756     
   5.7000000000000002        3.4261951033527764       6.60535923075285247E-002   3.4268317675799715        18.819304079255488       -3.1427073505003551       0.73354670328388960      -4.99474656243390422E-002   3.9399270570250109     
   5.7999999999999998        3.4387368356502601       6.29399094584673774E-002   3.4393127884885093        19.162550676205640       -3.1362576754120552       0.73087131786767801      -6.49164436879348106E-002   3.9304693304093221     
   5.9000000000000004        3.4472510067813240       6.61630121914146552E-002   3.4478858809329949        19.506850068327221       -3.1298025293295613       0.72906617995840761      -9.26463264619038947E-003   3.9200672866536301     
   6.0000000000000000        3.4577165090801860       6.60152053322165949E-002   3.4583466374122653        19.852098444120294       -3.1231936184533797       0.72685950865891258      -1.64590471710928596E-002   3.9119851280551829     
   6.0999999999999996        3.4682083279475178       6.40826955659816316E-002   3.4688003110463881        20.198394685971678       -3.1166887234084699       0.72466065622972187      -2.70655708234291310E-002   3.9032269203389580     
   6.2000000000000002        3.4823075692724794       5.96701995652781578E-002   3.4828187635489396        20.545920480832681       -3.1105010786519069       0.72172663467429021      -5.65117463381775570E-002   3.8937707403659023     
   6.2999999999999998        3.4908342413772648       6.15666749064621988E-002   3.4913771145825856        20.894577571365168       -3.1044392349283201       0.71996375338642660      -5.34701734909414986E-002   3.8826368037362382     
   6.4000000000000004        3.5033082063958565       5.92868209001334093E-002   3.5038098287625425        21.244284693753826       -3.0983965601379904       0.71740023280950438       0.35784141063336999        3.8713326366345640     
   6.5000000000000000        3.5165944501805453       5.56732400166124811E-002   3.5170351201963506        21.595279826582644       -3.0926485570921529       0.71468978253742077       0.31923273436689326        3.8805561431154985     
   6.5999999999999996        3.5294151241004532       5.52719549983768169E-002   3.5298478872662997        21.947580305296693       -3.0871012973414036       0.71209365702267624       0.28273307940400688        3.8876025511069812     
   6.7000000000000002        3.5442377808920273       5.24537591212888080E-002   3.5446259103533615        22.301262950546320       -3.0817150116354202       0.70911554987128544       0.24286644812030489        3.8925891998173516     
   6.7999999999999998        3.5636000949736202       4.78044051128876379E-002   3.5639207199437242        22.656654844339602       -3.0767021034237114       0.70526267142509969       0.20861531479535741        3.8956641228568776     
   6.9000000000000004        3.5816589225185003       4.87703293647109640E-002   3.5819909522893445        23.013917795214212       -3.0718733666998315       0.70170671670338336       0.18174004912438141        3.8968912770619024     
   7.0000000000000000        3.6001833688920226       4.78859134239866743E-002   3.6005018192400851        23.373009909784738       -3.0670405545603967       0.69809614270989462       0.13988531109414237        3.8965647582762228     
   7.0999999999999996        3.6202939009761312       4.35752530117261214E-002   3.6205561357504195        23.734033773278146       -3.0624674962386109       0.69421825730617792       0.10746324750736881        3.8941703223360800     
   7.2000000000000002        3.6407224122312556       4.22286253800125203E-002   3.6409673082471445        24.097084588938518       -3.0581773023190242       0.69032291899770182       8.36296731059086307E-002   3.8900457892525515     
   7.2999999999999998        3.6619792642981195       3.99081011155616866E-002   3.6621967162734510        24.462219672764984       -3.0540704659942457       0.68631577119362697       5.49773364545219703E-002   3.8846102429199170     
   7.4000000000000004        3.6863634565551506       3.58473501206645409E-002   3.6865377478517578        24.829636808807649       -3.0502826934324343       0.68177599753564455       2.88052550761437286E-002   3.8778275557175297     
   7.5000000000000000        3.7098919478947625       3.47708907688525984E-002   3.7100548890682541        25.199449579030144       -3.0467517813879583       0.67745210862489735       3.27751206413661855E-003   3.8697383200907360     
   7.5999999999999996        3.7340330236684127       3.29074318599890600E-002   3.7341780248024987        25.571645827608300       -3.0433678652565161       0.67307228054526624      -1.75383075981021715E-002   3.8602979037748444     
   7.7000000000000002        3.7595237210413348       3.02685143035016126E-002   3.7596455673415048        25.946323664843788       -3.0402090679483416       0.66850864879652716      -4.15758796470393280E-002   3.8498022684727600     
   7.7999999999999998        3.7866620976087990       2.66566933874631366E-002   3.7867559230520023        26.323632955776294       -3.0373628075637935       0.66371755865381188      -6.76362227605658423E-002   3.8382276102870359     
   7.9000000000000004        3.8134498853841334       2.54934530193873903E-002   3.8135350981055769        26.703638554925941       -3.0347553002434511       0.65905523827768075      -8.43490769917554645E-002   3.8253435492171830     
   8.0000000000000000        3.8406728900163825       2.24995715578023524E-002   3.8407387933608654        27.086344693695967       -3.0323556490145918       0.65438380066288704      -0.10389394613083064        3.8116711755247779     
   8.0999999999999996        3.8719249361961370       1.82677429871767986E-002   3.8719680295647203        27.471974585006592       -3.0303172832873426       0.64910197493160326      -0.11791753437970458        3.7973002226402359     
   8.1999999999999993        3.9030005286748231       1.82745037451412552E-002   3.9030433105876599        27.860720858250140       -3.0284901709507266       0.64393384126062647       0.15079600316462122        3.7822564152042819     
   8.3000000000000007        3.9320372355919431       1.66821416026537300E-002   3.9320726234302921        28.252472746463482       -3.0267423386833370       0.63917861716115643       0.13542926851695733        3.7806461797206459     
   8.4000000000000004        3.9649183063037952       1.27208342458952541E-002   3.9649387126772675        28.647320523558268       -3.0252721898909094       0.63387790837354652       0.12318642457243642        3.7785295683490432     
   8.5000000000000000        3.9972611906396991       1.24934681208371118E-002   3.9972807148035012        29.045429498405440       -3.0240114747725726       0.62874903665467607       0.11809327490041419        3.7757985664008999     
   8.5999999999999996        4.0281331580007542       1.06597431235373342E-002   4.0281472625400117        29.446699215837462       -3.0228538142103538       0.62393024865126956       0.10546918271990788        3.7728614823673547     
   8.6999999999999993        4.0620162422260169       7.52656019173690311E-003   4.0620232152483187        29.851206685848801       -3.0219444990445901       0.61872576892861963       9.52265096889483575E-002   3.7695693143766915     
   8.8000000000000007        4.0965128953781385       6.32878858381647705E-003   4.0965177841142486        30.259133142729016       -3.0212517316058123       0.61351549160443708       8.90107098396035190E-002   3.7658662155031148     
   8.9000000000000004        4.1307338665483186       4.96659572709263076E-003   4.1307368523451524        30.670495480825338       -3.0206869623902670       0.60843283640830403       7.59232633210528002E-002   3.7619484024953098     
   9.0000000000000000        4.1674377217830045       2.58836868098459138E-003   4.1674385255924715        31.085404060241903       -3.0203092141698633       0.60307418866395213       6.38104244636830131E-002   3.7576371365790262     
   9.0999999999999996        4.2038435746771885       2.22434903048687651E-003   4.2038441631539216        31.503968125064912       -3.0200685782842895       0.59785148477243899       5.23630872648934848E-002   3.7527927591169381     
   9.1999999999999993        4.2386862543576020       1.27823528136901117E-003   4.2386864470924852        31.926094616516650       -3.0198934490686966       0.59293704984369877       3.77223461163155652E-002   3.7474589972882151     
   9.3000000000000007        4.2742594925560633      -7.54341867874704780E-004   4.2742595591210026        32.351741903862340       -3.0198672543980218       0.58800223225774806       2.59791201642531888E-002   3.7416169784468645     
   9.4000000000000004        4.3125311623921609      -2.35999386642339083E-003   4.3125318081348141        32.781081436609753       -3.0200229711847366       0.58278399117183921       1.36363134228943243E-002   3.7354631710592683     
   9.5000000000000000        4.3499943167568027      -2.27760466028553103E-003   4.3499949130199536        33.214207710567202       -3.0202548511110723       0.57776492102307853      -1.63574067483994207E-003   3.7287429746923340     
   9.5999999999999996        4.3866349920952468      -3.48199358268273373E-003   4.3866363740517373        33.651039176009803       -3.0205428310232207       0.57293896743193262      -1.91004902834477942E-002   3.7213825519413022     
   9.6999999999999993        4.4264715121341904      -5.27147735800104992E-003   4.4264746510297650        34.091694501221276       -3.0209805045702551       0.56778273981482785      -2.96184879372342821E-002   3.7134506937796972     
   9.8000000000000007        4.4648942871060955      -4.75021491445618699E-003   4.4648968139895890        34.536262791183297       -3.0214815891838782       0.56289666927384385      -3.87687848771333110E-002   3.7050197008918690     
   9.9000000000000004        4.5015360763341361      -5.80308386412401421E-003   4.5015398168093617        34.984584309355306       -3.0220092541228074       0.55831477972260091      -5.18694093598293937E-002   3.6962690924826722     
   10.000000000000000        4.5412450227263346      -7.59242237435636159E-003   4.5412513695361785        35.436723364308328       -3.0226790294347312       0.55343283841641111      -5.91068742417930268E-002   3.6871787138561056     
   10.100000000000000        4.5814841409979064      -7.79337397688782338E-003   4.5814907694868561        35.892859822494536       -3.0234483192522936       0.54857204467467846      -6.41227519442725685E-002   3.6778377651841305     
   10.199999999999999        4.6226458613226855      -6.88655677785382850E-003   4.6226509909215521        36.353066322610566       -3.0241823157900307       0.54368735963535553      -7.97459188878968384E-002   3.6681700247728459     
   10.300000000000001        4.6582725508581424      -1.00601587293073572E-002   4.6582834139704383        36.817112243219611       -3.0250296515653887       0.53952921290722711      -8.81882945007262803E-002   3.6582232655192781     
   10.400000000000000        4.7043536512893640      -7.26614293363648384E-003   4.7043592627724236        37.285243553326985       -3.0258959666485361       0.53424429989080413      -9.93973558819949421E-002   3.6475867625602039     
   10.500000000000000        4.7365360390476532      -8.76951978038317467E-003   4.7365441572600595        37.757288037843836       -3.0266977497842369       0.53061437771244391      -0.11108059004101156        3.6365714239392402     
   10.600000000000000        4.7839187006483499      -1.26875206247291528E-002   4.7839355250246216        38.233310774828631       -3.0277706018044923       0.52535887002662029      -0.11091036996443007        3.6257714260171250     
   10.699999999999999        4.8292991819321429      -9.13086672661401685E-003   4.8293078138940002        38.713971668957655       -3.0288615211720593       0.52042212093107565      -0.11811803589784808        3.6146177324045601     
   10.800000000000001        4.8580145726406183      -5.82472150077429501E-003   4.8580180645371387        39.198337356686302       -3.0296093005834286       0.51734594149348578      -4.73824706284756009E-002   3.6024140274763448     
   10.900000000000000        4.8932644767469027      -1.31319731236858011E-002   4.8932820977449545        39.685901309155675       -3.0305571353146514       0.51361910536719801      -3.29736460757513242E-002   3.5949700223193606     
   11.000000000000000        4.9580543780744986      -1.75046546795485022E-002   4.9580852785000742        40.178467251896741       -3.0320889667048130       0.50690733324467596      -1.19512334162535268E-002   3.5894567865617630     
   11.100000000000000        5.0071364786246342      -8.81500687312998348E-003   5.0071442379783386        40.676726794731699       -3.0334049497824469       0.50193841002755801      -4.31858565441204240E-002   3.5836711174756037     
   11.199999999999999        5.0349077738903860      -7.80197904605195187E-003   5.0349138187717646        41.178829007357450       -3.0342357990784059       0.49916984297209305      -6.89308730280471793E-002   3.5758663572951930     
   11.300000000000001        5.0677379805198557      -9.16875260694956229E-003   5.0677462747485524        41.683961295077971       -3.0350843356610562       0.49593608283078977      -6.91739454559000960E-002   3.5670294295554656     
   11.400000000000000        5.0981442721132497      -7.59606481460389869E-003   5.0981499310516361        42.192255407709624       -3.0359225765321338       0.49297822672837943      -7.62962063296867971E-002   3.5579547116689070     
   11.500000000000000        5.1284851827639848      -1.01128715919411218E-002   5.1284951535515342        42.703586880453486       -3.0368080233524610       0.49006169137790340      -7.49040376207866648E-002   3.5490235182426169     
   11.600000000000000        5.1799699640841892      -1.66495364549057168E-002   5.1799967216088580        43.219009637795892       -3.0381461437548034       0.48519086795828120      -5.14029341463817513E-002   3.5417130293800434     
   11.699999999999999        5.2496788729000770      -1.80801363194217427E-002   5.2497100072197087        43.740492079645101       -3.0398826273935198       0.47874816416788329      -4.11033416469674881E-002   3.5363184914385366     
   11.800000000000001        5.3099187008461719      -1.31342194997072278E-002   5.3099349447349882        44.268471958332420       -3.0414433451844762       0.47331687441303516      -6.46335234215769799E-002   3.5306263520976069     
   11.900000000000000        5.3476422225676545      -8.50964455232198526E-003   5.3476489932154978        44.801350004503107       -3.0425255383870775       0.46997798623579073      -9.63561267863861926E-002   3.5226661592128723     
   12.000000000000000        5.3724604847225512      -6.74642840711621537E-003   5.3724647206102265        45.337355139867611       -3.0432883420350496       0.46780690709940642      -0.11372155219417775        3.5126006954847471     
   12.100000000000000        5.3961424442735328      -7.39200698256541056E-003   5.3961475073108929        45.875785286317416       -3.0439952638045336       0.46575385079742632       0.12335941773946525        3.5017951461284320     
   12.199999999999999        5.4279230614347957      -1.00785600415201088E-002   5.4279324183549109        46.416988561602828       -3.0448687921557380       0.46302685104889557       0.12898144022835092        3.5035512643874842     
   12.300000000000001        5.4765011749963159      -1.45450627588792451E-002   5.4765204901092712        46.962209773424391       -3.0460999732957581       0.45891967198811479       0.14429826885418981        3.5068198968484041     
   12.400000000000000        5.5437295645097375      -1.76259504616835469E-002   5.5437575847568406        47.513221310399693       -3.0477085239567860       0.45335438780446663       0.15441396776556701        3.5118928876338722     
   12.500000000000000        5.6176027591686379      -1.72643135963402271E-002   5.6176292879063361        48.071287926583608       -3.0494530371596871       0.44739263892767306       0.14798003171450075        3.5176989800956826     
   12.600000000000000        5.6824798246664869      -1.35754820358667799E-002   5.6824960406017153        48.636292055775364       -3.0509950269412975       0.44228474194703227       0.12517316323875968        3.5224932331590471     
   12.699999999999999        5.7286031819582961      -9.50309830425211458E-003   5.7286110642301500        49.206846206106604       -3.0521489559583035       0.43872372427316281       0.10010681394256346        3.5251783170291984     
   12.800000000000001        5.7608977388863334      -7.29639928004648022E-003   5.7609023594700961        49.781321252148842       -3.0529889308375182       0.43626431795640369       8.42914208817614752E-002   3.5260109810227287     
   12.900000000000000        5.7882058534825154      -6.96870320748026097E-003   5.7882100484617567        50.358776431767282       -3.0537021859618947       0.43420607118865773       7.80929960838913084E-002   3.5259575857794321     
   13.000000000000000        5.8185749872066959      -7.86312019369004092E-003   5.8185803002456353        50.939115473801742       -3.0544437771319530       0.43193980113649333       7.77706135095416889E-002   3.5258875052218426     
   13.100000000000000        5.8535982606129506      -8.33736763514703050E-003   5.8536041981287088        51.522724136192721       -3.0552538015233948       0.42935541712571523       7.55631696291788474E-002   3.5260646109863520     
   13.199999999999999        5.8901914967782831      -8.12822795340559755E-003   5.8901971050898503        52.109913624062280       -3.0560770813028224       0.42668801587291388       6.97041649992065776E-002   3.5262228482266038     
   13.300000000000001        5.9250068637142528      -7.23967177801016978E-003   5.9250112867325795        52.700673542086918       -3.0568454762893933       0.42418079517570717       6.06207116165458915E-002   3.5259811489969985     
   13.400000000000000        5.9554299535113442      -6.18157483635257358E-003   5.9554331616640273        53.294695382948198       -3.0575165386201113       0.42201388354672842       5.07969113942959641E-002   3.5250961526272944     
   13.500000000000000        5.9834897159566927      -5.95907409794332790E-003   5.9834926833350108        53.891641366421595       -3.0581235710668260       0.42003483622098786       4.53696448478848879E-002   3.5237253286532102     
   13.600000000000000        6.0140023982995734      -6.67412293629797773E-003   6.0140061016488824        54.491515972134408       -3.0587552309185382       0.41790374469794844       4.54742932389477147E-002   3.5223629116986821     
   13.699999999999999        6.0519658840465373      -8.33441454104478889E-003   6.0519716228786899        55.094814386251713       -3.0595056577924051       0.41528226877435392       5.10184422692747039E-002   3.5215822034324575     
   13.800000000000001        6.1024678589733314      -1.07675500764837281E-002   6.1024773584125001        55.702536073402712       -3.0604607560232817       0.41184553216060088       6.11595955286224763E-002   3.5219155111481908     
   13.900000000000000        6.1665274321412635      -1.26382637891095904E-002   6.1665403831534524        56.315985837958436       -3.0616310467165615       0.40756716815563176       6.91282646137385964E-002   3.5234967577411966     
   14.000000000000000        6.2392298863703131      -1.33752226217229014E-002   6.2392442227850555        56.936273703884012       -3.0629317210371032       0.40281800296573744       7.11161713190973099E-002   3.5259117344200051     
   14.100000000000000        6.3146146268903030      -1.29707958333297943E-002   6.3146279484765779        57.563965929547038       -3.0642490219598559       0.39800910607739215       6.69227881438301531E-002   3.5285210051720455     
   14.199999999999999        6.3863255445807763      -1.13612416613277714E-002   6.3863356503692348        58.199012938120589       -3.0654656238345890       0.39353993236447449       5.62945682903568528E-002   3.5306495631591654     
   14.300000000000001        6.4477208809875481      -8.72049743652386460E-003   6.4477267781907743        58.840715259399012       -3.0664697107894816       0.38979263669473474       3.98093122325212656E-002   3.5316437801003255     
   14.400000000000000        6.4960797601630631      -6.25568443686537294E-003   6.4960827722549821        59.487905291456542       -3.0672185198831512       0.38689089661188936       2.32209631997433129E-002   3.5311967921903644     
   14.500000000000000        6.5339722649193250      -4.42021037442523381E-003   6.5339737600479175        60.139407892710658       -3.0677523146237156       0.38464719790218849       9.66992295766219527E-003   3.5294543461152430     
   14.600000000000000        6.5647182881859232      -3.19964378532149778E-003   6.5647190679390901        60.794342420365915       -3.0681333073317028       0.38284569307334981      -6.11397947437831817E-004   3.5267403241299697     
   14.699999999999999        6.5917280166169530      -2.59300672016814313E-003   6.5917285266261318        61.452164735606054       -3.0684229398569771       0.38127697570897540      -7.48510635133012910E-003   3.5233994460865721     
   14.800000000000001        6.6185656455729500      -2.60171388648195888E-003   6.6185661569310934        62.112679418715558       -3.0686826758873096       0.37973093529002350      -1.06333748153676199E-002   3.5197930302080880     
   14.900000000000000        6.6483212300699090      -2.94291072059271134E-003   6.6483218814165266        62.776023762497701       -3.0689599071176632       0.37803139106823913      -1.12717868227744621E-002   3.5162285626106811     
   15.000000000000000        6.6813973094332768      -3.15441128507809674E-003   6.6813980540611997        63.442509689472857       -3.0692647732179466       0.37615995673890151      -1.18883777693256521E-002   3.5128167807835062     
   15.100000000000000        6.7168211444190735      -3.20116560563362589E-003   6.7168219072397912        64.112420612165465       -3.0695825520624820       0.37417612719375204      -1.31382717724234377E-002   3.5095167194237433     
   15.199999999999999        6.7536092647628951      -3.09192900169575268E-003   6.7536099725344050        64.785942132624555       -3.0698972067928483       0.37213792275263796      -1.50409248985795933E-002   3.5062529538836484     
   15.300000000000001        6.7907518391055657      -2.82949609763365325E-003   6.7907524285872611        65.463160187817991       -3.0701932780478147       0.37010248385145922      -1.77150992431582416E-002   3.5029483903848369     
   15.400000000000000        6.8271913160615432      -2.41169142630806013E-003   6.8271917420240724        66.144057345576343       -3.0704553374240118       0.36812709744329930      -2.13086561704788659E-002   3.4995180862720123     
   15.500000000000000        6.8619276350329157      -1.90795247460526772E-003   6.8619279002850995        66.828513293131067       -3.0706713196190574       0.36626357148398853      -2.55598787009788560E-002   3.4958859415698185     
   15.600000000000000        6.8951055660229237      -1.56944818792752118E-003   6.8951057446400279        67.516364953183853       -3.0708451896521840       0.36450118113586527      -2.91578176499551409E-002   3.4920556967556946     
   15.699999999999999        6.9279805449670198      -1.45102706554298003E-003   6.9279806969218001        68.207519258733342       -3.0709962134148574       0.36277153299710929      -3.15151066301103677E-002   3.4881204467267182     
   15.800000000000001        6.9619122689172981      -1.54303283193913321E-003   6.9619124399155954        68.902013899427573       -3.0711459164097317       0.36100341770935496      -3.25799478378229271E-002   3.4842036371576199     
   15.900000000000000        6.9982942554434757      -1.84178443601499446E-003   6.9982944978003792        69.600024225645612       -3.0713151572731294       0.35912667160528972      -3.23058359224016670E-002   3.4804310142884796     
   16.000000000000000        7.0385696086616258      -2.34576107211857633E-003   7.0385699995503410        70.301867418850861       -3.0715245345485362       0.35707171522165709      -3.06206181084314258E-002   3.4769305309241876     
   16.100000000000001        7.0842546049667350      -3.06264198812681871E-003   7.0842552669824324        71.008008629532284       -3.0717949547015486       0.35476902836182522      -2.74249957366478996E-002   3.4738356297265938     
   16.199999999999999        7.1368639647443031      -3.92886040695169039E-003   7.1368650461676708        71.719064558017820       -3.0721445298213026       0.35215385010661038      -2.30117294057678307E-002   3.4712675286528434     
   16.300000000000001        7.1965220518821704      -4.61646515431641657E-003   7.1965235325799419        72.435733858849147       -3.0725717960993659       0.34923454757072764      -1.91108501396496863E-002   3.4692426715183751     
   16.399999999999999        7.2617209515753114      -5.02590736219638533E-003   7.2617226908146701        73.158646009022007       -3.0730539147251914       0.34609896739788948      -1.66124532255311798E-002   3.4676522342840155     
   16.500000000000000        7.3307364950079439      -5.16082699414640092E-003   7.3307383116147733        73.888268881351181       -3.0735632514430087       0.34284060333955724      -1.56037715295594941E-002   3.4663390641943042     
   16.600000000000001        7.4017595535712042      -5.01481455648220692E-003   7.4017612523809246        74.624893683780144       -3.0740720335205403       0.33955090065837507      -1.61276266153975861E-002   3.4651395702688150     
   16.699999999999999        7.4728629900335042      -4.57925666740822274E-003   7.4728643930827561        75.368624810960370       -3.0745517370817348       0.33632011268288575      -1.82701157835175078E-002   3.4638857480295147     
   16.800000000000001        7.5419971801989556      -3.84493962961429594E-003   7.5419981602815147        76.119367819472004       -3.0749729468965858       0.33323721327691280      -2.21138221898377063E-002   3.4624028990048670     
   16.899999999999999        7.6069778572373927      -2.79793155173558824E-003   7.6069783717926374        76.876816571343809       -3.0753050904556534       0.33039061898683825      -2.77639424001266885E-002   3.4605083215809480     
   17.000000000000000        7.6656012880080358      -1.50251223276907388E-003   7.6656014352595632        77.640445528606094       -3.0755201126448788       0.32786392462174713      -3.49471037653610456E-002   3.4580308284660961     
   17.100000000000001        7.7170415424984977      -2.64928677873618019E-004   7.7170415470460441        78.409577670131426       -3.0756084846904108       0.32567844931648865      -4.21477129727170358E-002   3.4548983800269957     
   17.199999999999999        7.7620070429381478       8.25648766816221747E-004   7.7620070868504936        79.183530099403242       -3.0755804486859635       0.32379178593485097      -4.86033860183684441E-002   3.4511487780736894     
   17.300000000000001        7.8013838095136849       1.77126474014586586E-003   7.8013840105920336        79.961699642025849       -3.0754506030106152       0.32215747670393163      -5.42413703217994800E-002   3.4468609985964886     
   17.399999999999999        7.8360987671659501       2.56975149346612029E-003   7.8360991885250186        80.743573770859811       -3.0752335521989345       0.32073027632100665      -5.90415919142310633E-002   3.4421190139154496     
   17.500000000000000        7.8671262613950006       3.22022792793626817E-003   7.8671269204582419        81.528735022287876       -3.0749440532278642       0.31946533452816100      -6.29640835044561614E-002   3.4370088981960021     
   17.600000000000001        7.8954783705820315       3.72270968041928541E-003   7.8954792482088161        82.316865253886732       -3.0745969063474465       0.31831815691321608      -6.59816556557314693E-002   3.4316197301913940     
   17.699999999999999        7.9221979148055564       4.07770035343590041E-003   7.9221989642390120        83.107749068156096       -3.0742068858457539       0.31724455131004142      -6.80757782994792227E-002   3.4260428937511271     
   17.800000000000001        7.9483584780377905       4.28420343697898543E-003   7.9483596326408330        83.901276887798275       -3.0737887906562329       0.31620039909074232      -6.92219980570373816E-002   3.4203720717579045     
   17.899999999999999        7.9750260608999133       4.36302334189042455E-003   7.9750272543738356        84.697446114745148       -3.0733564293172893       0.31514306081003990      -6.95089047249569658E-002   3.4146971414710632     
   18.000000000000000        8.0028343714100636       4.39748122925655727E-003   8.0028355795969883        85.496339136360660       -3.0729184040887318       0.31404799927516264      -6.93662415802157456E-002   3.4090790523435093     
   18.100000000000001        8.0319783223261663       4.40885543092154730E-003   8.0319795323645877        86.298079771047483       -3.0724780872557229       0.31290847933264310       1.95577900423097098E-002   3.4035487008157381     
   18.199999999999999        8.0626282213890761       4.39525196099385847E-003   8.0626294194003094        87.102810098233235       -3.0720378818861271       0.31171896481651651       1.89192451348514160E-002   3.4025544635289573     
   18.300000000000001        8.0949643910824545       4.35611053656234041E-003   8.0949655631504669        87.910689728856823       -3.0716003137612495       0.31047377127940162       1.84987122513724442E-002   3.4016277376407782     
   18.399999999999999        8.1291730448872599       4.29068266665744678E-003   8.1291741772260817        88.721896600655299       -3.0711679741010887       0.30916725588127641       1.82926936739167267E-002   3.4007892192506262     
   18.500000000000000        8.1654473534428504       4.19805619328674894E-003   8.1654484326044603        89.536627620571821       -3.0707435371580916       0.30779380652208194       1.83022711793390871E-002   3.4000597179003678     
   18.600000000000001        8.2039882527075285       4.07716591610406739E-003   8.2039892658294615        90.355099400879354       -3.0703297760526218       0.30634784515231223       1.85296431502679528E-002   3.3994604073031338     
   18.699999999999999        8.2450053813620201       3.92678288214513317E-003   8.2450063164507323        91.177549082582814       -3.0699295786127094       0.30482383050387513       1.89768652961280516E-002   3.3990129100015705     
   18.800000000000001        8.2887181433224484       3.74549852823515082E-003   8.2887189895786637        92.004235258817047       -3.0695459645421903       0.30321626087582393       1.96456953438908441E-002   3.3987393185814301     
   18.899999999999999        8.3353569063672364       3.53170419763240576E-003   8.3353576545615926        92.835439011301517       -3.0691821044058969       0.30151967709408911       2.05377392327761137E-002   3.3986622074340320     
   19.000000000000000        8.3851643537966822       3.28356733906396423E-003   8.3851649967068020        93.671465074309722       -3.0688413408290622       0.29972866563239875       2.16546544803937098E-002   3.3988046520390252     
   19.100000000000001        8.4383970093081633       2.99900490601516870E-003   8.4383975422310709        94.512643142464981       -3.0685272122168081       0.29783786187110078       2.29983049878528904E-002   3.3991902606985960     
   19.199999999999999        8.4953269591959835       2.67565389329482359E-003   8.4953273805525491        95.359329340890170       -3.0682434792768425       0.29584195345786862       2.45708126165632215E-002   3.3998432173452349     
   19.300000000000001        8.5562438002925685       2.31083838182099491E-003   8.5562441123438635        96.211907878864608       -3.0679941546630869       0.29373568373377773       2.63745100373826008E-002   3.4007883301923401     
   19.399999999999999        8.6214568473450672       1.90153197500090459E-003   8.6214570570441857        97.070792911246471       -3.0677835361452459       0.29151385518397444       2.84118430148475772E-002   3.4020510804965158     
   19.500000000000000        8.6912976364894519       1.44431586417114377E-003   8.6912977564973257        97.936430635438214       -3.0676162437532875       0.28917133298025960       3.06852683174329878E-002   3.4036576672710250     
   19.600000000000001        8.7661227828704380       9.35312026536207902E-004   8.7661228327675591        98.809301656406220       -3.0674972623587520       0.28670304821453474       3.31972819366861405E-002   3.4056350522661138     
   19.699999999999999        8.8463174163956051       3.70221883139903551E-004   8.8463174241425708        99.689923666369509       -3.0674319856632684       0.28410399543360015       3.59498651049805149E-002   3.4080109733604491     
   19.800000000000001        8.9322947041378900      -2.54807349097469372E-004   8.9322947077722752        100.57885427239620       -3.0674262149365661       0.28136936880369151       3.89397133801985471E-002   3.4108136155994635     
   19.899999999999999        9.0245502188995452      -9.67015012257776497E-004   9.0245502707092200        101.47669651854805       -3.0674873060546339       0.27849300651111047       4.22797115877889401E-002   3.4140788388704530     
   20.000000000000000        9.1233402055733350      -1.55783067394447451E-003   9.1233403385748648        102.38409103977170       -3.0676135483389442       0.27547740917701463       4.48819038515530858E-002   3.4177789196975135     
