Title = "Nombre d'onde, PSE linéaire - Jet compressible - Rans Francisco n = 0, st =  0.4000"
Variables = x, Re(alpha), Im(alpha), abs(alpha), Re(int(alpha)), Im(int(alpha)), C<sub>ph</sub>, sigma, N
Zone T = "_FrancCase_4 nombre d'onde PSE",I = 201, F = point
   0.0000000000000000        2.7961100809875434       -1.5876073038812846        3.2153893288896396        0.0000000000000000        0.0000000000000000       0.89884662980943308        1.5876073038812846        0.0000000000000000     
  0.10000000000000001        2.2038942148294614       -1.0315591387485907        2.4333647418532434       0.25000021479085027      -0.13095832213149378        1.1403787468384969        1.9027219417837427       0.12749659403377994     
  0.20000000000000001        2.3834076905055261       -1.0436223781621445        2.6018800678282035       0.47936531005759964      -0.23471739797703056        1.0544877122296956        1.6892844316954192       0.27498407218098053     
  0.29999999999999999        2.4511607570193252       -1.3661943131306913        2.8061853035717710       0.72109373243384223      -0.35520823254167233        1.0253403884974239        1.7046901858900121       0.41786536715922351     
  0.40000000000000002        2.4566212411828112       -1.5863571126893574        2.9242976612531582       0.96648283234394916      -0.50283580383267479        1.0230613009198546        2.0845116182846155       0.57213949993111535     
  0.50000000000000000        2.5307981160036102       -1.8078514725795174        3.1101874623365311        1.2158538002032702      -0.67254623309611850       0.99307570484545493        2.2031948950973530       0.75373646331907829     
  0.59999999999999998        2.5188389417843835       -1.5684382268684371        2.9672458755808693        1.4683356530926699      -0.84136071806851620       0.99779072062916141        2.3293677809284761       0.92267473101340824     
  0.69999999999999996        2.8414978848189807       -1.3332299302143220        3.1387278117495354        1.7363524944228379      -0.98644412592265418       0.88448917604312915        1.9097335398746793        1.0994694327856667     
  0.80000000000000004        3.1663356877155584       -1.5261856729475403        3.5149572395139455        2.0367441730495650       -1.1294149060807475       0.79374847481351751        2.2282121055377315        1.2578147109321820     
  0.90000000000000002        3.1810159878143329       -1.6531027165274632        3.5849144070843413        2.3541117568260597       -1.2883793255544975       0.79008534773152717        2.2466254460388142        1.4392153949449931     
   1.0000000000000000        3.2521747671441976       -1.6455073263122921        3.6447681787730812        2.6757712945739862       -1.4533098276964853       0.77279798990593385        2.6233875145862386        1.6277674508949398     
   1.1000000000000001        3.3407578541937690       -1.5453544696188914        3.6808672180789737        3.0054179256408848       -1.6128529174930446       0.75230658208790391        2.7231859932198978        1.8316681278900933     
   1.2000000000000000        3.1351155995622335       -1.2885499690999036        3.3895885953144558        3.3292115983286843       -1.7545481394289841       0.80165277580921457        2.5197676062400705        2.0175412189515254     
   1.3000000000000000        3.5021959622312120      -0.95527966331164660        3.6301426684092482        3.6610771764183569       -1.8667396210495617       0.71762806821085312        2.4088485988922126        2.1965046280746110     
   1.3999999999999999        3.6951735281304603       -1.0961819417726031        3.8543381082183839        4.0209456509364401       -1.9693127013037741       0.68015050003440647        1.9475048441290563        2.3649372953015466     
   1.5000000000000000        3.6170363375337131       -1.1923234330944517        3.8084888126585636        4.3865561442196492       -2.0837379700471268       0.69484348188371192        1.8575281154597625        2.5164735623026413     
   1.6000000000000001        3.6190312342762514       -1.1328896637364099        3.7922059628754190        4.7483595228101478       -2.1999986248886700       0.69446046750531820        1.8991886766997010        2.6673893944340712     
   1.7000000000000000        3.4022703162314847      -0.95387294210860363        3.5334567910753925        5.0994246003355341       -2.3043367551809206       0.73870500850022280        1.7971737044553215        2.8076135852982493     
   1.8000000000000000        3.3881733148558317      -0.67722451635158076        3.4551919566138127        5.4389467818899000       -2.3858916281039297       0.74177850107374910        1.6100767205301947        2.9328971216553690     
   1.8999999999999999        3.7241501686378191      -0.60504141027131597        3.7729788744052355        5.7945629560645822       -2.4500049244350746       0.67485842650408312        1.3662517531393901        3.0465928429400293     
   2.0000000000000000        3.7213498758048327      -0.78033063205875475        3.8022836287528392        6.1668379582867150       -2.5192735265515780       0.67536625330835831        1.0698758046012748        3.1484649843350785     
   2.1000000000000001        3.6295341612525571      -0.78969429650760625        3.7144495298275282        6.5343821601395851       -2.5977747729798959       0.69245087970311325        1.1193555846803063        3.2423925573566343     
   2.2000000000000002        3.5414331180449916      -0.69490493990745028        3.6089668057622322        6.8929305241044627       -2.6720047348006486       0.70967713891467166        1.1080350668126167        3.3368435781741095     
   2.2999999999999998        3.3274377597090781      -0.53885927435577741        3.3707879438340531        7.2363740679921653       -2.7336929455138099       0.75531814698513644       0.94263064207345593        3.4167212626551464     
   2.3999999999999999        3.5757517264734573      -0.31789362451577691        3.5898546998291851        7.5815335423012922       -2.7765305904573876       0.70286594683421189       0.88524769618317267        3.4878867397723217     
   2.5000000000000000        3.6742671962731763      -0.47578603494974825        3.7049442344875247        7.9440344884386240       -2.8162145734306638       0.68402051038124234       0.51533319482453888        3.5521438781102956     
   2.6000000000000001        3.5988608032973124      -0.53723964932691493        3.6387395513170055        8.3076908884171488       -2.8668658576444970       0.69835268998710576       0.54964673920051821        3.6045634147421217     
   2.7000000000000002        3.5025989493484686      -0.46842257572786700        3.5337825498222899        8.6627638760494374       -2.9171489688972363       0.71754550241595261       0.56621313922226191        3.6598460403215682     
   2.7999999999999998        3.3543842169039775      -0.34272410184775232        3.3718471621059365        9.0056130343620584       -2.9577063027760171       0.74925052121534574       0.49325810985212382        3.7072375150848424     
   2.8999999999999999        3.4848690246998677      -0.19941509013155956        3.4905699387757272        9.3475756964422505       -2.9848132623749826       0.72119614971420298       0.44700366968958805        3.7477007553432604     
   3.0000000000000000        3.5865907463637940      -0.28508767634879112        3.5979033012448167        9.7011486849954345       -3.0090384006990001       0.70074181879264485       0.21419795626298027        3.7831979676082619     
   3.1000000000000001        3.5159403482557221      -0.33114354418253072        3.5315000466298079        10.056275239726411       -3.0398499617255661       0.71482274268921653       0.18940170184115884        3.8109639251188301     
   3.2000000000000002        3.4283634750492449      -0.27321247237749097        3.4392326429182360        10.403490430891660       -3.0700677625535673       0.73308274958673514       0.30558587302211287        3.8380149743705818     
   3.2999999999999998        3.3845620919258224      -0.17648765508726699        3.3891604338684678        10.744136709240411       -3.0925527689268053       0.74256995576103513       0.28971226284596113        3.8658687382005215     
   3.3999999999999999        3.4565914559537538      -0.13193045361577627        3.4591082865333598        11.086194386634391       -3.1079736743619577       0.72709608725754482       0.33376289964503147        3.8899108766749939     
   3.5000000000000000        3.4797678122248574      -0.16963269711398724        3.4839000098921233        11.433012350043322       -3.1230518318984459       0.72225339691987200       0.21757658244316450        3.9155509550052421     
   3.6000000000000001        3.4470090510420648      -0.17431285738230939        3.4514136770625887        11.779351193206669       -3.1402491096232610       0.72911735526544297       0.28832648087287305        3.9369592782918379     
   3.7000000000000002        3.3840395931976883      -0.11689106549880202        3.3860578095364855        12.120903625418656       -3.1548093057673166       0.74268460922378288       0.31351169659282552        3.9605059025792002     
   3.7999999999999998        3.4070233358979354      -7.44050361839210667E-002   3.4078356945079711        12.460456771873435       -3.1643741108514525       0.73767446685522930       0.33866952307591641        3.9826688992431825     
   3.8999999999999999        3.4274667588287371      -7.76086334250296189E-002   3.4283452980786620        12.802181276609769       -3.1719747943318999       0.73327454347965482       0.24077269101122123        4.0047857832101146     
   4.0000000000000000        3.4114243792231695      -7.27263116874112686E-002   3.4121994976217089        13.144125833512364       -3.1794915415875220       0.73672280065142270       0.21798296978101436        4.0220014971565075     
   4.0999999999999996        3.3915434709621004      -4.86111966534265236E-002   3.3918918266751565        13.484274226021626       -3.1855584170045637       0.74104140029167254       0.20338796264518272        4.0372369112298694     
   4.2000000000000002        3.3967717562463697      -3.22654803010080302E-002   3.3969249955293539        13.823689987382052       -3.1896022508522854       0.73990079499752681       0.16762959880805839        4.0504364066352316     
   4.2999999999999998        3.4004092303156641      -2.37417292996092329E-002   3.4004921119341098        14.163549036710153       -3.1924026113323163       0.73910931086330578       0.12617071657599618        4.0610120646783781     
   4.4000000000000004        3.3932129535204725      -9.36044115741676251E-003   3.3932258642474404        14.503230145901961       -3.1940577198551674       0.74067680316506579       0.11502208379917031        4.0688121466296447     
   4.5000000000000000        3.3946011557345588      -1.78434772661633235E-004   3.3946011604242066        14.842620851364712       -3.1945346636516714       0.74037390773467360       9.16482671372926827E-002   4.0751137067238927     
   4.5999999999999996        3.3987552160194063       6.60993894550082443E-003   3.3987616435566625        15.182288669952410       -3.1942130884430293       0.73946900059939003       6.06039731613589178E-002   4.0795664535032037     
   4.7000000000000002        3.3949165227918785       1.86922892450555773E-002   3.3949679819407019        15.521972256892976       -3.1929479770335014       0.74030513151027133       4.98030413855437212E-002   4.0818004071076119     
   4.7999999999999998        3.4012515779073609       2.42902836904579957E-002   3.4013383122087508        15.861780661927936       -3.1907988483867258       0.73892626443649911       2.07809235982849699E-002   4.0826713564804207     
   4.9000000000000004        3.4067013023920176       3.10109129952824032E-002   3.4068424443235221        16.202178305942908       -3.1880337885524388       0.73774419879639508       1.17542859308031478E-002   4.0814634455491641     
   5.0000000000000000        3.4075395007126801       3.95245051236572456E-002   3.4077687180063276        16.542890346098140       -3.1845070176464918       0.73756272593353300       5.88498412860651021E-003   4.0791018412000684     
   5.0999999999999996        3.4155330848592516       4.28995245484553311E-002   3.4158024859430380        16.884043975376734       -3.1803858161628864       0.73583656209127379      -1.73828386537651404E-002   4.0756710004495584     
   5.2000000000000002        3.4245606566627154       4.34152135352682406E-002   3.4248358459827650        17.226048662452833       -3.1760700792587002       0.73389680453814976      -1.82327802741977969E-002   4.0706004795984922     
   5.2999999999999998        3.4279566720420132       5.21020340217131298E-002   3.4283526025405489        17.568674528888067       -3.1712942168808511       0.73316974609678842      -2.89787480870464693E-002   4.0650562838957818     
   5.4000000000000004        3.4355301722416702       5.75635953388842422E-002   3.4360123882039799        17.911848871102254       -3.1658109354128214       0.73155350029481270      -4.27758282426236036E-002   4.0583029294114619     
   5.5000000000000000        3.4465730751754227       5.70888715180233458E-002   3.4470458514176121        18.255954033473106       -3.1600783120699760       0.72920958530493785      -6.50095387646645179E-002   4.0503888704738191     
   5.5999999999999996        3.4540705642156286       5.83172420906059516E-002   3.4545628324443491        18.600986215442656       -3.1543080063895448       0.72762674535647887      -6.00815768342788173E-002   4.0409407675325930     
   5.7000000000000002        3.4623888733886594       6.22961461532900787E-002   3.4629492517781926        18.946809187322874       -3.1482773369773498       0.72587863893291660      -5.69511489852082900E-002   4.0313534831918467     
   5.7999999999999998        3.4758472890951908       5.97399307845851088E-002   3.4763606309530855        19.293720995447064       -3.1421755331304562       0.72306805041658584      -7.00683518587651849E-002   4.0215009278917080     
   5.9000000000000004        3.4850044977755039       6.34372066885680597E-002   3.4855818206876079        19.641763584790599       -3.1360166762567987       0.72116811455367424       3.58463582022202770E-002   4.0107583419247641     
   6.0000000000000000        3.4960686935026217       6.39415322586293633E-002   3.4966533756202818        19.990817244354503       -3.1296477393094388       0.71888579521984430       3.57945264007790212E-002   4.0048120868500385     
   6.0999999999999996        3.5070494361460298       6.24498795764588804E-002   3.5076054132458085        20.340973150836934       -3.1233281687176846       0.71663492877184076       0.19040247274451064        3.9985084480220934     
   6.2000000000000002        3.5216972279460181       5.83110405962127820E-002   3.5221799418510806        20.692410484041538       -3.1172901227090510       0.71365422982079219       0.13028263585797220        3.9997474171856986     
   6.2999999999999998        3.5307949438245347       6.05254758432080264E-002   3.5313136746206713        21.045035092630066       -3.1113482968870798       0.71181537383461635       0.10070943984094992        3.9977412451940797     
   6.4000000000000004        3.5434986302748173       5.84233125944336462E-002   3.5439802237334805        21.398749771335034       -3.1054008574651979       0.70926346673285345       5.06405854275152056E-002   3.9939120685590073     
   6.5000000000000000        3.5570159829375574       5.49253683814327834E-002   3.5574400204311347        21.753775501995651       -3.0997334234164047       0.70656812758998344       4.66642691442491469E-003   3.9875286092413624     
   6.5999999999999996        3.5699703016721100       5.46149995156814672E-002   3.5703880395543779        22.110124816226133       -3.0942564050215489       0.70400421025762094      -3.05229742855415050E-002   3.9785825297268120     
   6.7000000000000002        3.5848376231633248       5.17597771178075691E-002   3.5852112711769943        22.467865212467906       -3.0889376661898744       0.70108450843976489       0.25285742407684625        3.9676303941473505     
   6.7999999999999998        3.6044992495778754       4.71045362407813972E-002   3.6048070236202556        22.827332056104964       -3.0839944505219452       0.69726027080354236       0.21880264973574845        3.9709315890121339     
   6.9000000000000004        3.6231112053204937       4.80414065955412500E-002   3.6234296988994554        23.188712578849884       -3.0792371533801290       0.69367843834909693       0.19476639573647853        3.9723875764230727     
   7.0000000000000000        3.6421475423650067       4.70609853813112530E-002   3.6424515723205597        23.551975516234158       -3.0744820337812864       0.69005280363789301       0.16398956484471053        3.9724355699435243     
   7.0999999999999996        3.6629954873313300       4.26918557312377794E-002   3.6632442635941525        23.917232667718974       -3.0699943917256589       0.68612536694738779       0.13246073503479555        3.9709821837940531     
   7.2000000000000002        3.6843045958086411       4.12825684806361823E-002   3.6845358737780032        24.284597671875975       -3.0657956705150653       0.68215698716414475       0.11315618365119628        3.9678483365551962     
   7.2999999999999998        3.7064575853693471       3.88875679821954687E-002   3.7066615808683614        24.654135780934872       -3.0617871636919238       0.67807982824154933       8.21276907222851515E-002   3.9636400823605054     
   7.4000000000000004        3.7318761542841408       3.47235122218447281E-002   3.7320376945062610        25.026052467917548       -3.0581066096817220       0.67346128836205654       5.13415671195412773E-002   3.9579818270952254     
   7.5000000000000000        3.7566172804761417       3.35589475847430305E-002   3.7567671733732659        25.400477139655560       -3.0546924866913927       0.66902586428854505       2.84291650386700040E-002   3.9508039066044645     
   7.5999999999999996        3.7820255001940701       3.15940475058860762E-002   3.7821574620784908        25.777409278689071       -3.0514348369368611       0.66453124727553237       8.23888061298923557E-002   3.9424167113346993     
   7.7000000000000002        3.8087816318531527       2.89436026934794428E-002   3.8088916040337564        26.156949635291433       -3.0484079544268927       0.65986301284723625       5.41590336531739547E-002   3.9367334611248044     
   7.7999999999999998        3.8373759798450000       2.52359146686836310E-002   3.8374589590092736        26.539257515876340       -3.0456989785587845       0.65494601938206509       2.46226053468474523E-002   3.9297846177377966     
   7.9000000000000004        3.8657218106848203       2.40423799395139727E-002   3.8657965742699760        26.924412405402833       -3.0432350638283747       0.65014355557742598       2.82417818666415733E-003   3.9213677587807663     
   8.0000000000000000        3.8944209962681806       2.10641690334441925E-002   3.8944779618572141        27.312419545750483       -3.0409797363797266       0.64535244784274048      -2.10727683039879654E-002   3.9119272188115644     
   8.0999999999999996        3.9273817770346491       1.67415025851462354E-002   3.9274174594118012        27.703509684415625       -3.0390894527987973       0.63993628976133565      -3.91689555795222827E-002   3.9015934978699827     
   8.1999999999999993        3.9601635726287001       1.67009711353595693E-002   3.9601987884968821        28.097886951898790       -3.0374173291127722       0.63463896800696007      -5.76382423970122210E-002   3.8903969416148430     
   8.3000000000000007        3.9908421045955920       1.51351848723115835E-002   3.9908708044277872        28.495437235760011       -3.0358255213123888       0.62976035057305646      -8.21319013831707107E-002   3.8782907358185299     
   8.4000000000000004        4.0255168673399311       1.11818517162134059E-002   4.0255323974657182        28.896255184356786       -3.0345096694829627       0.62433575754276016      -9.64185095536244652E-002   3.8652417018998837     
   8.5000000000000000        4.0596410378545418       1.09750783255922486E-002   4.0596558731716357        29.300513079616508       -3.0334018229808724       0.61908777141539129      -0.11548558818995146        3.8514891227222101     
   8.5999999999999996        4.0921991649683198       9.12137718172752535E-003   4.0922093305803777        29.708105089757648       -3.0323970002055063       0.61416221976363439       0.15029359283319663        3.8368430451794611     
   8.6999999999999993        4.1279469210239323       5.98963878537144695E-003   4.1279512664957352        30.119112394057261       -3.0316414494071515       0.60884361426052924       0.14316508347218440        3.8357818333400377     
   8.8000000000000007        4.1643547011379374       4.83934426277120994E-003   4.1643575130075625        30.533727475165360       -3.0311000002547446       0.60352066604342458       0.13849321491021907        3.8344728609074710     
   8.9000000000000004        4.2003308052857706       3.48112173078728810E-003   4.2003322478157745        30.951961750486543       -3.0306839769550669       0.59835147262903332       0.12705326056883512        3.8330342646653364     
   9.0000000000000000        4.2389045273424450       1.08196035621238541E-003   4.2389046654250775        31.373923517117952       -3.0304558228507168       0.59290651786571757       0.11696471082774253        3.8312997668365467     
   9.0999999999999996        4.2772836809844534       7.55077788479553182E-004   4.2772837476321799        31.799732927534293       -3.0303639709434824       0.58758649421480103       0.10638640686011290        3.8291432677361539     
   9.1999999999999993        4.3139074025234674      -1.50409593933266341E-004   4.3139074051455735        32.229292481709685       -3.0303337375337551       0.58259806907345002       9.23395744806124324E-002   3.8265487551386927     
   9.3000000000000007        4.3512686803702136      -2.14194950091050077E-003   4.3512692075667303        32.662551285854377       -3.0304483554884971       0.57759571000750076       8.13711092566601762E-002   3.8234850600141717     
   9.4000000000000004        4.3914299526738585      -3.75622791122531136E-003   4.3914315591261639        33.099686217506580       -3.0307432643591037       0.57231338082520244       6.96389868289441910E-002   3.8201559990285818     
   9.5000000000000000        4.4308654133991636      -3.66008449074751475E-003   4.4308669250921335        33.540800985810229       -3.0311140799792025       0.56721969375814596       5.43667279209675142E-002   3.8162958194356094     
   9.5999999999999996        4.4693315458635485      -4.80895292888638970E-003   4.4693341330537510        33.985810833773364       -3.0315375318501840       0.56233781206004230       3.71535990250905640E-002   3.8118019999430781     
   9.6999999999999993        4.5110086405180656      -6.57689104505748776E-003   4.5110134349527788        34.434827843092442       -3.0321068240488813       0.55714238724738918       2.67922791003818127E-002   3.8067604773252612     
   9.8000000000000007        4.5512587073112902      -6.03589911495402195E-003   4.5512627097273741        34.887941210483916       -3.0327374635568818       0.55221517485578864       1.64852504427436958E-002   3.8012297532240944     
   9.9000000000000004        4.5896991774309965      -7.06387635186479096E-003   4.5897046133340522        35.344989104721030       -3.0333924523302227       0.54759016347528811       2.74479110845465358E-003   3.7953252602273282     
   10.000000000000000        4.6313087765424568      -8.84101624267588995E-003   4.6313172151394886        35.806039502419701       -3.0341876969599499       0.54267038630668474      -5.05016393457504396E-003   3.7890585461747084     
   10.100000000000000        4.6733616087874026      -9.01192764907080522E-003   4.6733702979036371        36.271273021686191       -3.0350803441545371       0.53778721469917534      -1.16937044875098477E-002   3.7825155780290283     
   10.199999999999999        4.7164528546227995      -8.10271873706896149E-003   4.7164598147265586        36.740763744856700       -3.0359360764738441       0.53287379315335803      -2.87560867204266594E-002   3.7755630130833713     
   10.300000000000001        4.7536941980691134      -1.12864430680340386E-002   4.7537075964506990        37.214271097491306       -3.0369055345640992       0.52869915862334871      -3.72835879957424260E-002   3.7682749075119144     
   10.400000000000000        4.8018582762309734      -8.43166055906030901E-003   4.8018656788697953        37.692048721206305       -3.0378914397454539       0.52339614755238639      -5.15748025840827920E-002   3.7602827162664405     
   10.500000000000000        4.8355063996041032      -9.96945275989841867E-003   4.8355166766955282        38.173916954998056       -3.0388114954114021       0.51975406817321212      -6.38626870816980385E-002   3.7517637751346582     
   10.600000000000000        4.8849648856735648      -1.39118343381827367E-002   4.8849846953085123        38.659940519261937       -3.0400055597663060       0.51449174798424180      -6.42205673208432887E-002   3.7434490688308997     
   10.699999999999999        4.9324333195187355      -1.03061730362863421E-002   4.9324440867283297        39.150810429521549       -3.0412164601350296       0.50954041546314466      -7.49415295599303727E-002   3.7347401359260677     
   10.800000000000001        4.9624684649207778      -6.97056147681054256E-003   4.9624733605391258        39.645555518743535       -3.0420802968606844       0.50645644211906482      -0.10309823076317681        3.7247894523823488     
   10.900000000000000        4.9992024046015011      -1.43618268023666187E-002   4.9992230340566453        40.143639062219648       -3.0431469162746434       0.50273502040215434      -0.10082631539844464        3.7146836484122669     
   11.000000000000000        5.0667649709515965      -1.87585768279287211E-002   5.0667996955737991        40.646937430997305       -3.0448029364561582       0.49603132122384846      -8.27122406946072947E-002   3.7059271248838708     
   11.100000000000000        5.1180419601099825      -9.95841045941994393E-003   5.1180516483702378        41.156177777550383       -3.0462387858205258       0.49106164866569918      -9.06465242757494016E-003   3.6967177383554506     
   11.199999999999999        5.1470243213940750      -8.95984652783852163E-003   5.1470321199572808        41.669431091625583       -3.0471846986698887       0.48829653134242673      -3.49669474163870619E-002   3.6907214492490490     
   11.300000000000001        5.1812707553846762      -1.03496000827408754E-002   5.1812810920491819        42.185845845464527       -3.0481501710004175       0.48506905767468234      -3.57716361007619013E-002   3.6836906838056365     
   11.400000000000000        5.2129854435119105      -8.75287284646499714E-003   5.2129927917703993        42.705558655409355       -3.0491052946468780       0.48211800130764976      -4.50457266909178589E-002   3.6763864191991140     
   11.500000000000000        5.2445566136427741      -1.12954399887701985E-002   5.2445687773799579        43.228435758267089       -3.0501077102886396       0.47921574844554110      -4.43042085158104684E-002   3.6691247468102692     
   11.600000000000000        5.2981383173892302      -1.78913188273961549E-002   5.2981685259603966        43.755570504818685       -3.0515670482294479       0.47436929206300971      -2.10406142759230058E-002   3.6634805492566294     
   11.699999999999999        5.3707885775482476      -1.93189173451917100E-002   5.3708233228519182        44.289016849565556       -3.0534275600380774       0.46795253370765494      -1.28782952103441567E-002   3.6597539981250207     
   11.800000000000001        5.4336149558631206      -1.43068192076464974E-002   5.4336337909041337        44.829237026236129       -3.0551088468657195       0.46254181484830759      -3.89492837211032963E-002   3.6556053951803333     
   11.900000000000000        5.4729285428653087      -9.63469525914065726E-003   5.4729370234511672        45.374564201172547       -3.0563059225890590       0.45921924673184744      -7.16978930157244759E-002   3.6490369068258581     
   12.000000000000000        5.4987619116352926      -7.86225966905694865E-003   5.4987675324547158        45.923148723897576       -3.0571807703354690       0.45706181923494205      -8.93977966246873867E-002   3.6402980312754574     
   12.100000000000000        5.5234253888486373      -8.51642281623599985E-003   5.5234319544677390        46.474258088921772       -3.0579997044597338       0.45502092378145231      -9.18662569704760262E-002   3.6308008511850920     
   12.199999999999999        5.5565167935252484      -1.12176035909983228E-002   5.5565281166712754        47.028255198040462       -3.0589864057800953       0.45231108197143155      -8.31222819153971254E-002   3.6218960086073184     
   12.300000000000001        5.6070473955786015      -1.57059724107627662E-002   5.6070693926358848        47.586433407495662       -3.0603325845801832       0.44823486329965029      -6.53705304119553687E-002   3.6146762635363521     
   12.400000000000000        5.6769553116404765      -1.87948128515478645E-002   5.6769864237421901        48.150633542856610       -3.0620576238432986       0.44271515009435058      -5.21407133580958082E-002   3.6093969625149156     
   12.500000000000000        5.7537919381660751      -1.84136797433386359E-002   5.7538214024512975        48.722170905346935       -3.0639180484730431       0.43680309435604975       0.17521772754672008        3.6050090266528381     
   12.600000000000000        5.8213001896723542      -1.46775723203213474E-002   5.8213186933381866        49.300925511738853       -3.0655726110762260       0.43173759142857249       0.15129449034977294        3.6112868106131040     
   12.699999999999999        5.8693032638180744      -1.05580539582699785E-002   5.8693127600400450        49.885455684413373       -3.0668343923901555       0.42820655364073146       0.12503120464490811        3.6153809184188797     
   12.800000000000001        5.9028987456242499      -8.32486945510192353E-003   5.9029046159110337        50.474065784885497       -3.0677785385608241       0.42576947889117961       0.10794877674442048        3.6175476013619803     
   12.900000000000000        5.9312814584260884      -7.98889656164203030E-003   5.9312868385821114        51.065774795088011       -3.0685942268616611       0.42373206203213148       0.10046606966438969        3.6187570646510010     
   13.000000000000000        5.9628300822531743      -8.88594590968990426E-003   5.9628367032695193        51.660480372121974       -3.0694379689852278       0.42149014615592462       9.90240361566019078E-002   3.6198844364776526     
   13.100000000000000        5.9992186875978444      -9.35761162918257762E-003   5.9992259856183621        52.258582810614520       -3.0703501468621712       0.41893357347807869       9.58394225317160814E-002   3.6212036427662890     
   13.199999999999999        6.0372480055586788      -9.13983294653576694E-003   6.0372549239839568        52.860406145272343       -3.0712750190909572       0.41629466282613969       8.91880575545038468E-002   3.6224546683561440     
   13.300000000000001        6.0734406708212774      -8.23657221712728246E-003   6.0734462558837130        53.465940579091352       -3.0721438393491405       0.41381389217258602       7.93949202875275928E-002   3.6232635723207132     
   13.400000000000000        6.1050755767268630      -7.16200897072133066E-003   6.1050797776867203        54.074866391468760       -3.0729137684085330       0.41166961674523372       6.89012285126320428E-002   3.6233895479550338     
   13.500000000000000        6.1342470654697481      -6.92960405351573765E-003   6.1342509795113989        54.686832523578587       -3.0736183490597448       0.40971191672720358       6.28919030512339466E-002   3.6229932492966901     
   13.600000000000000        6.1659488171119792      -7.64123726966442485E-003   6.1659535518645958        55.301842317707674       -3.0743468911259040       0.40760541441682085       6.24763058898525486E-002   3.6225763508626265     
   13.699999999999999        6.2053662905546272      -9.30483221102588499E-003   6.2053732667627797        55.920408073091004       -3.0751941945999386       0.40501624000784031       6.76138156742102647E-002   3.6227188402878534     
   13.800000000000001        6.2577825312789033      -1.17470686137587741E-002   6.2577935570295393        56.543565514182689       -3.0762467896411780       0.40162375574885895       7.74808366053821168E-002   3.6239622042211455     
   13.900000000000000        6.3242702479397543      -1.36226891010066773E-002   6.3242849197861339        57.172668153143618       -3.0775152775269161       0.39740144306619080       8.51655919088250835E-002   3.6264474744679522     
   14.000000000000000        6.3997414070385128      -1.43568014836337864E-002   6.3997575106180484        57.808868735892531       -3.0789142520561481       0.39271494940525337       8.68408038654717579E-002   3.6297568308795927     
   14.100000000000000        6.4780141131504445      -1.39414223530078627E-002   6.4780291148954836        58.452756511901974       -3.0803291632479803       0.38796984368556076       8.22734122841798088E-002   3.6332447338468303     
   14.199999999999999        6.5524891163220378      -1.23115230145203966E-002   6.5525006824202388        59.104281673375596       -3.0816418105163565       0.38356021326481110       7.11538683066418182E-002   3.6362279431693278     
   14.300000000000001        6.6162622502280168      -9.64224327655534112E-003   6.6162692763103061        59.762719241703110       -3.0827394988309105       0.37986313538058730       5.40815751202470552E-002   3.6380419393561527     
   14.400000000000000        6.6664926886992202      -7.15189093368617714E-003   6.6664965250140256        60.426856988649469       -3.0835792055414224       0.37700095690980645       3.69823874753579945E-002   3.6383728545487215     
   14.500000000000000        6.7058419303879422      -5.29735394024779399E-003   6.7058440227392593        61.095473719603824       -3.0842016677851189       0.37478875120553851       2.30358706636130464E-002   3.6373719049635036     
   14.600000000000000        6.7377563483753731      -4.06348368975863530E-003   6.7377575737015309        61.767653633541990       -3.0846697096666191       0.37301350671100508       1.25025770661874105E-002   3.6353719825964004     
   14.699999999999999        6.7657784667729821      -3.44881242577196358E-003   6.7657793457779949        62.442830374299405       -3.0850453244723957       0.37146858047667797       5.54390632977261929E-003   3.6327284553145316     
   14.800000000000001        6.7936124698870399      -3.45428997910796108E-003   6.7936133480736123        63.120799921132416       -3.0853904795926397       0.36994664238091635       2.45773220756921899E-003   3.6298143770627433     
   14.900000000000000        6.8244726315169233      -3.79406932862858415E-003   6.8244736861743114        63.801704176202612       -3.0857528975580264       0.36827374928063733       1.94749171200261505E-003   3.6269469349498511     
   15.000000000000000        6.8587821491386265      -4.00173224162434383E-003   6.8587833165368046        64.485866915235391       -3.0861426876365390       0.36643154254250065       1.43303406563988558E-003   3.6242403580902978     
   15.100000000000000        6.8955328094164674      -4.04241048850644165E-003   6.8955339943199112        65.173582663163145       -3.0865448947730454       0.36447859684457357       2.46915721307528250E-004   3.6216509806524355     
   15.199999999999999        6.9337046523953827      -3.92526637407234185E-003   6.9337057634691623        65.865044536253734       -3.0869432786161743       0.36247204760929286      -1.64976480106250947E-003   3.6190998662961298     
   15.300000000000001        6.9722498724822328      -3.65343952160861359E-003   6.9722508296782353        66.560342262497628       -3.0873222139109582       0.36046816577689128      -4.37746964457604287E-003   3.6165055953337157     
   15.400000000000000        7.0100706187457229      -3.22497609528983294E-003   7.0100713605692242        67.259458287059019       -3.0876661346918031       0.35852336724697964      -8.07014890860102176E-003   3.6137790450777727     
   15.500000000000000        7.0461277171920225      -2.70998000447655657E-003   7.0461282383287127        67.962268203855899       -3.0879628824967913       0.35668869821073984      -1.24383109374396304E-002   3.6108412719337490     
   15.600000000000000        7.0805674725128815      -2.36154938425755167E-003   7.0805678663312701        68.668602963341144       -3.0882164589662282       0.35495377067282968      -1.61249068158451567E-002   3.6076962803946362     
   15.699999999999999        7.1146887905206508      -2.23480078521599108E-003   7.1146891415082045        69.378365776492814       -3.0884462764747020       0.35325144878022330      -1.85476715401113254E-002   3.6044407276432828     
   15.800000000000001        7.1498994018481374      -2.31972377617779574E-003   7.1498997781554081        70.091595186111263       -3.0886740027027719       0.35151181598753578      -1.96590827999815927E-002   3.6012014227735700     
   15.900000000000000        7.1876426417524755      -2.61226781840338557E-003   7.1876431164521275        70.808472288291284       -3.0889206022825011       0.34966598203873051      -1.94164939922910097E-002   3.5981070462003721     
   16.000000000000000        7.2294138940189283      -3.11059603343126533E-003   7.2294145632161397        71.529325115079857       -3.0892067454750927       0.34764562656332731      -1.77568827747736288E-002   3.5952880149123070     
   16.100000000000001        7.2767850776891603      -3.82220623608592802E-003   7.2767860815156684        72.254635063665276       -3.0895533855885686       0.34538248636442592      -1.45889253568350780E-002   3.5928794731296327     
   16.199999999999999        7.3313277739396439      -4.68288924065421094E-003   7.3313292695384007        72.985040706246707       -3.0899786403624057       0.34281295290133695      -1.02199748340328217E-002   3.5910032623998220     
   16.300000000000001        7.3931751277067468      -5.36222923293877031E-003   7.3931770723041668        73.721265851329036       -3.0904808962860852       0.33994516286420162      -6.42316906841860699E-003   3.5896738415423908     
   16.399999999999999        7.4607679418198813      -5.75992899903931405E-003   7.4607701652355800        74.463963004805350       -3.0910370041976840       0.33686533912737937      -4.07749983240011590E-003   3.5887768881146900     
   16.500000000000000        7.5323216013184489      -5.87979750618594903E-003   7.5323238962293200        75.213617481962274       -3.0916189905229454       0.33366527027097648      -3.26361761367413529E-003   3.5881501636090203     
   16.600000000000001        7.6059621567796851      -5.71565998454794198E-003   7.6059643043557426        75.970531669867185       -3.0921987633974823       0.33043473936188217      -4.02477317238686839E-003   3.5876256022215927     
   16.699999999999999        7.6796917970212109      -5.25914958328708992E-003   7.6796935977869074        76.734814367557220       -3.0927475038758740       0.32726236798287661      -6.44163689989892593E-003   3.5870310200891100     
   16.800000000000001        7.7513841138526391      -4.50129685420348497E-003   7.7513854208238433        77.506368163100930       -3.0932355261977484       0.32423552825621382      -1.05893101031408580E-002   3.5861881255411019     
   16.899999999999999        7.8187715065205872      -3.42839315909752732E-003   7.8187722581654633        78.284875944119577       -3.0936320106984136       0.32144105001352835      -1.65677427350532924E-002   3.5849112947360204     
   17.000000000000000        7.8795645342075957      -2.10568533639675110E-003   7.8795648155626523        79.069792746155997       -3.0939087146231885       0.31896104308314804      -2.40905142068570492E-002   3.5830271513975736     
   17.100000000000001        7.9329022070780706      -8.42497017352598953E-004   7.9329022518158734        79.860416083220287       -3.0940561237408759       0.31681647614783215      -3.16038009255171226E-002   3.5804632046707585     
   17.199999999999999        7.9795174085729919       2.71014073557147058E-004   7.9795174131753148        80.656037064002817       -3.0940846978880656       0.31496567952488408      -3.83521684509555705E-002   3.5772597860477262     
   17.300000000000001        8.0203285881674571       1.23692493876066505E-003   8.0203286835490424        81.456029363839846       -3.0940093009374499       0.31336298697034876      -4.42653416352670262E-002   3.5734982341931705     
   17.399999999999999        8.0562974684289550       2.05319063178760518E-003   8.0562977300622745        82.259860666669653       -3.0938447951589225       0.31196391800586576      -4.93211305662868277E-002   3.5692646126087713     
   17.500000000000000        8.0884356643522999       2.71908796604303010E-003   8.0884361213899432        83.067097323308730       -3.0936061812290312       0.31072437578361956      -5.34819382379240690E-002   3.5646470613835430     
   17.600000000000001        8.1177944595245179       3.23479313729194227E-003   8.1177951040275467        83.877408829502585       -3.0933084871738643       0.30960061078203799      -5.67240722186246674E-002   3.5597364933283480     
   17.699999999999999        8.1454574296025228       3.60097547033228719E-003   8.1454582255690973        84.690571423958914       -3.0929666987434832       0.30854916922627335      -5.90311342286637813E-002   3.5546258433653763     
   17.800000000000001        8.1725404037315243       3.81679572048878885E-003   8.1725412950044980        85.506471315625632       -3.0925958101839419       0.30752666841809573      -6.03787918200810181E-002   3.5494101315214603     
   17.899999999999999        8.2001516026941967       3.90349352554192862E-003   8.2001525317782917        86.325105915946907       -3.0922097957216406       0.30649117780286977      -6.08579080338589873E-002   3.5441803758735113     
   18.000000000000000        8.2289495168405242       3.94552715335403162E-003   8.2289504627196788        87.146560971923648       -3.0918173446876960       0.30541858565645902      -6.09079128996313640E-002   3.5389981244333177     
   18.100000000000001        8.2591355741944046       3.96447498060947204E-003   8.2591365256899234        87.970965226475400       -3.0914218445809980       0.30430232078094677      -6.07332327759612031E-002   3.5338939986600040     
   18.199999999999999        8.2908854789633963       3.95841064572986009E-003   8.2908864239175859        88.798466279133265       -3.0910257002996810       0.30313699655468734      -6.03509404997340029E-002   3.5288882051954000     
   18.300000000000001        8.3243853286248068       3.92673728828639695E-003   8.3243862547751633        89.629229819512688       -3.0906314429029802       0.30191708140053491      -5.97644763812851670E-002   3.5240003372513469     
   18.399999999999999        8.3598273316330882       3.86867427041663646E-003   8.3598282267855364        90.463440452525560       -3.0902416723250452       0.30063708533330047      -5.89802594329965277E-002   3.5192501025500520     
   18.500000000000000        8.3974109339971807       3.78328591642962224E-003   8.3974117862391218        91.301302365807089       -3.0898590743157031       0.29929154862444157      -5.80004261341446406E-002   3.5146571853022839     
   18.600000000000001        8.4373436675753943       3.66948791923108484E-003   8.4373444655244576        92.143040095885723       -3.0894864356239200       0.29787504478812632      -5.68245021099472725E-002   3.5102414783538727     
   18.699999999999999        8.4798421277742442       3.52603258667203963E-003   8.4798428608601366        92.988899385653184       -3.0891266595986249       0.29638218318240189      -5.54508406250614067E-002   3.5060232413014765     
   18.800000000000001        8.5251330796524041       3.35149033708888842E-003   8.5251337384390151        93.839148146024527       -3.0887827834524368       0.29480761172754716       2.60856564278103380E-002   3.5020231880494488     
   18.899999999999999        8.5734547054231065       3.14422773679667910E-003   8.5734552819799354        94.694077535278282       -3.0884579975487427       0.29314601980483695       2.67933188197236258E-002   3.5022606880602254     
   19.000000000000000        8.6250580117314080       2.90238294466368171E-003   8.6250585000658937        95.554003171136017       -3.0881556670146697       0.29139214129961727       2.77212412082433329E-002   3.5027059578056692     
   19.100000000000001        8.6802084180567221       2.62383864829928391E-003   8.6802088146214569        96.419266492625439       -3.0878793559350215       0.28954075775918897       2.88731677894295373E-002   3.5033821316252558     
   19.199999999999999        8.7391875514488397       2.30619209439887965E-003   8.7391878557403917        97.290236291100697       -3.0876328543978864       0.28758670163282712       3.02530291439538669E-002   3.5043130301819803     
   19.300000000000001        8.8022952772032568       1.94672138165808556E-003   8.8022954924723411        98.167310432533313       -3.0874202087240836       0.28552485956485368       3.18648504104527552E-002   3.5055232088493349     
   19.399999999999999        8.8698520006010746       1.54234682388071278E-003   8.8698521346976591        99.050917796423505       -3.0872457553138068       0.28335017570772542       3.37126408710561806E-002   3.5070380038564424     
   19.500000000000000        8.9422012780702715       1.08958763740061291E-003   8.9422013444522044        99.941520460357083       -3.0871141585907429       0.28105765512518183       3.58002959293001258E-002   3.5088835739148059     
   19.600000000000001        9.0197127983686940       5.84493453653186688E-004   9.0197128173068020        100.83961616417905       -3.0870304545361904       0.27864236689735683       3.81316315725678256E-002   3.5110869427344809     
   19.699999999999999        9.1027859663975086       2.26813229772804812E-005   9.1027859664257651        101.74574110241734       -3.0870000957973587       0.27609944165989003       4.07098243193030410E-002   3.5136760122325450     
   19.800000000000001        9.1918494535232469      -5.99797618242099988E-004   9.1918494730926046        102.66047287341340       -3.0870289516121221       0.27342420429965741       4.35326057612340084E-002   3.5166792442695818     
   19.899999999999999        9.2874173498823271      -1.31035422482351041E-003   9.2874174423207378        103.58443621358366       -3.0871244592042753       0.27061065829066872       4.67144993042726553E-002   3.5201326579198620     
   20.000000000000000        9.3897574730617599      -1.89999784845709587E-003   9.3897576652920591        104.51829495473088       -3.0872849768079393       0.26766123939645481       4.91606085579918070E-002   3.5240110676262235     
