Title = "Nombre d'onde, PSE linéaire - Jet compressible - Rans Francisco n = 0, st =  1.1000"
Variables = x, Re(alpha), Im(alpha), abs(alpha), Re(int(alpha)), Im(int(alpha)), C<sub>ph</sub>, sigma, N
Zone T = "_FrancSt1_0Case_3 nombre d'onde PSE",I = 201, F = point
   0.0000000000000000        11.588926241216864       -2.8279644171122422        11.928981271207437        0.0000000000000000        0.0000000000000000       0.59638862945872217        2.8279644171122422        0.0000000000000000     
  0.10000000000000001        10.577312166520032       -3.0019552292700458        10.995056519479764        1.1083119203868450      -0.29149598231911444       0.65342723454586771        4.1845233138877687       0.26507965455512661     
  0.20000000000000001        10.971339704648635       -2.7316904734467511        11.306300356770969        2.1857445139452780      -0.57817826745495426       0.62995987946386278        4.1940362904797119       0.59880536051664468     
  0.29999999999999999        11.038150834476589       -2.5206913250655174        11.322308006803064        3.2862190409015390      -0.84079735738056760       0.62614689195133455        3.8463124513473366       0.92220241445293283     
  0.40000000000000002        11.024524102127771       -2.0162197828839767        11.207375869992442        4.3893527877317577       -1.0676429127780425       0.62692083339575644        3.4075584859714900        1.2150905308825297     
  0.50000000000000000        11.057273098012217       -1.6521329375690019        11.180019302640988        5.4934426477387568       -1.2510605488006914       0.62506404396758886        2.7007009642637820        1.4683347965570559     
  0.59999999999999998        11.022131535208405       -1.2108077906370820        11.088437179571477        6.5974128793997879       -1.3942075852109956       0.62705691869307412        2.6046813070457797        1.6677894407700604     
  0.69999999999999996        10.704059446367470       -1.2375548594802643        10.775362205586960        7.6837224284785819       -1.5166257177168629       0.64568997141014883        1.8063844040445074        1.8510232967051361     
  0.80000000000000004        10.389153900897037      -0.97392584072187682        10.434704131874078        8.7383830958418081       -1.6271997527269702       0.66526147401674174        1.6622834223273115        1.9930737897207909     
  0.90000000000000002        10.149561800999050      -0.77368634310103612        10.179007579808561        9.7653188809366114       -1.7145803619181157       0.68096573757669288        1.2385416436074639        2.1188652212067502     
   1.0000000000000000        9.9891519808417559      -0.61851420154358061        10.008282425764467        10.772254570028652       -1.7841903891503466       0.69190095927593787       0.71856666254263402        2.2157600542351776     
   1.1000000000000001        9.9809455846596435      -0.56031602383112111        9.9966608830398336        11.770759448303723       -1.8431319004190816       0.69246984459270877       0.11747205559044142        2.2802889820272449     
   1.2000000000000000        9.6835813457497668      -0.39444559119603440        9.6916115793074820        12.753985794824192       -1.8908699811704393       0.71373426742896962       0.38163620263795439        2.3073962882972969     
   1.3000000000000000        9.5360307473911234      -0.49151132396462344        9.5486892187762802        13.714966399481238       -1.9351678269284722       0.72477784740662687      -3.62860590801979341E-002   2.3452647018929667     
   1.3999999999999999        9.3593163580972192      -0.37341829948262234        9.3667627234458486        14.659733754755653       -1.9784143081008345       0.73846246600245047      -0.18276933616097990        2.3646627530948683     
   1.5000000000000000        9.2822119344319027      -0.29112738759541523        9.2867762733640884        15.591810169382109       -2.0116415924547364       0.74459664212790344      -0.84918629698111825        2.3729862293433430     
   1.6000000000000001        9.2853152963094239      -0.26907934081785351        9.2892133059550712        16.520186530919176       -2.0396519288753998       0.74434778112969602       0.11042110530192945        2.3444660371278832     
   1.7000000000000000        9.2786485833426209      -0.19911272679686523        9.2807847411271478        17.448384724901778       -2.0630615322561359       0.74488259532808876       0.16160196210145369        2.3597922904497723     
   1.8000000000000000        8.9804653198735078      -0.17685061372765429        8.9822064940095103        18.361340420062586       -2.0818596992823619       0.76961533636821577       0.61715539845324840        2.3740528722141727     
   1.8999999999999999        8.8965220901294710      -0.19235716390123664        8.8986013832886002        19.255189790562735       -2.1003200881638064       0.77687705014139552       0.32567353461580867        2.4118456150977385     
   2.0000000000000000        8.8762250283900137      -0.14235537450558156        8.8773664905346745        20.143827146488711       -2.1170557150841476       0.77865351720934994      -9.05109286958398068E-002   2.4355728232214240     
   2.1000000000000001        8.9190596173021088      -0.11496385478798707        8.9198005103756071        21.033591378773316       -2.1299216765488262       0.77491396340595142        1.8431077966266229        2.4364463398680929     
   2.2000000000000002        8.9648157541012647      -0.11932244737463557        8.9656098148106853        21.927785147343485       -2.1416359916569574       0.77095882698265605        1.6330574226515107        2.5316541336642056     
   2.2999999999999998        8.8255092939634512      -4.11230574568466206E-002   8.8256051012771835        22.817301399746718       -2.1496582668985313       0.78312804481719100        1.3558924147903573        2.6130093031670198     
   2.3999999999999999        8.6758821392929821      -5.38124713233650992E-002   8.6760490245833033        23.692370971409542       -2.1544050433375421       0.79663413206080969       0.91269215227419243        2.6786541480247190     
   2.5000000000000000        8.6615120309289555      -4.31652505978582998E-002   8.6616195887828162        24.559240679920638       -2.1592539294336035       0.79795580877999195       0.80871511179111388        2.7228300919026602     
   2.6000000000000001        8.7363899100944558      -3.38893103737401974E-002   8.7364556398208659        25.429135776971808       -2.1631066574821833       0.79111668652879763       0.80008851405566639        2.7612403259762845     
   2.7000000000000002        8.8021461978308313      -3.14780982411624680E-002   8.8022024833933834        26.306062582368074       -2.1663750279129284       0.78520666239340486       0.73251265476370331        2.7977964881131578     
   2.7999999999999998        8.7464074069419411       9.71159630776922966E-003   8.7464127985884410        27.183490262606711       -2.1674633530095981       0.79021059920121606       0.64912673218691463        2.8283592435366876     
   2.8999999999999999        8.6385826269923154       2.81745132570112577E-002   8.6386285720923741        28.052739764303425       -2.1655690475313589       0.80007382418288164       0.49147304169854977        2.8525058401161241     
   3.0000000000000000        8.6252422156556801       3.02941669582099081E-002   8.6252954161165167        28.915931006435827       -2.1626456135205978       0.80131127510279920       0.40507365600401546        2.8682031780980926     
   3.1000000000000001        8.6855202571928434       2.84458138409059702E-002   8.6855668382916900        29.781469130078253       -2.1597086144806421       0.79575012586883787       0.37917964703597379        2.8792297047733557     
   3.2000000000000002        8.7265544703199662       2.77322412320025261E-002   8.7265985355500995        30.652072866453896       -2.1568997117269966       0.79200833059650055       0.35299263818543808        2.8882149588118162     
   3.2999999999999998        8.7039549113734527       4.16493533314161932E-002   8.7040545591037617        31.523598335538562       -2.1534306319988255       0.79406475657017572       0.33071410327178341        2.8945647805147350     
   3.3999999999999999        8.6604397044413375       4.78099008652770469E-002   8.6605716705587454        32.391818066329300       -2.1489576692889907       0.79805461082456541       0.25630366783310027        2.8985860092552600     
   3.5000000000000000        8.6625174060266907       3.91793670043512551E-002   8.6626060070001021        33.257965921852701       -2.1446082058955094       0.79786319772230074       0.17571600633233411        2.8986803228132332     
   3.6000000000000001        8.7089379362142623       2.54021971028447514E-002   8.7089749826514939        34.126538688964750       -2.1413791276901497       0.79361041363695217       0.11225224104765001        2.8951936041346160     
   3.7000000000000002        8.7336970862866377       2.18797870021781235E-002   8.7337244930264983        34.998670440089796       -2.1390150284848986       0.79136060818387677       5.64482858207972088E-002   2.8883350837471093     
   3.7999999999999998        8.7361897612504631       1.70727221993900134E-002   8.7362064434410378        35.872164782466648       -2.1370674030248202       0.79113481125989882      -1.66296189831320468E-002   2.8782130174677207     
   3.8999999999999999        8.7478611430732762       1.06815681451827849E-002   8.7478676644305349        36.746367327682833       -2.1356796885075915       0.79007928050735088      -9.58779765610371926E-002   2.8642448765699395     
   4.0000000000000000        8.7815075249098431       4.36493566469533124E-003   8.7815086097271209        37.622835761081987       -2.1349273633170975       0.78705208852719211      -0.16954273533395670        2.8460984554304778     
   4.0999999999999996        8.8153236245105475       5.64670024146907970E-004   8.8153236425956596        38.502677318553005       -2.1346808830326554       0.78403291045157664      -0.24329891208017107        2.8237127921439473     
   4.2000000000000002        8.8461609401002956      -1.15330704550049195E-003   8.8461610152807690        39.385751546783553       -2.1347103148837232       0.78129980730592319      -0.31383820035822163        2.7968703751384867     
   4.2999999999999998        8.8785462809661659      -1.35588936131115774E-003   8.8785463844986534        40.271986907836876       -2.1348357747040638       0.77844994204900786      -0.38377686480715895        2.7655348493122567     
   4.4000000000000004        8.9113300773062907       4.86282729029711047E-005   8.9113300774389703        41.161480725750501       -2.1349011377584843       0.77558611093292029      -0.45058350358665833        2.7295736137205906     
   4.5000000000000000        8.9458833599702388       1.27926077909578219E-003   8.9458834514373446        42.054341397614323       -2.1348347433058845       0.77259042620923901      -0.50990671249134711        2.6890409345453747     
   4.5999999999999996        8.9795013577564529       2.68731567850945003E-003   8.9795017598759639        42.950610633500652       -2.1346364144830043       0.76969795565846422      -0.55144607799185663        2.6444284984836903     
   4.7000000000000002        9.0122224264528743       4.80431973803112367E-003   9.0122237070186113        43.850196822711126       -2.1342618327121774       0.76690337974912237      -0.57572812375807303        2.5965884287207941     
   4.7999999999999998        9.0398699642322935       5.73293069644012498E-003   9.0398717820953376        44.752801442245385       -2.1337349701904538       0.76455788249654344      -0.56396469590698284        2.5466617239074196     
   4.9000000000000004        9.0707657892043141       6.26365358433105760E-003   9.0707679518305167        45.658333229917218       -2.1331351409764152       0.76195373119691379       3.30244234591248794E-003   2.4968228360539575     
   5.0000000000000000        9.1023865582986208       6.94336419993480444E-003   9.1023892065216501        46.566990847292359       -2.1324747900872021       0.75930678109867200      -0.14315969345604254        2.4749608318053493     
   5.0999999999999996        9.1308047791288480       6.68227006735029258E-003   9.1308072242981595        47.478650414163731       -2.1317935083738377       0.75694355591698004      -0.29454447864211081        2.4457728065821720     
   5.2000000000000002        9.1616271060283108       6.03977057861380950E-003   9.1616290968768936        48.393272008421590       -2.1311574063415395       0.75439698187997706      -0.43879342472917576        2.4093907503657470     
   5.2999999999999998        9.1884661456059451       5.81287314251714097E-003   9.1884679842964427        49.310776671003296       -2.1305647741554830       0.75219342688689395      -6.18620875058566513E-002   2.3662954640573255     
   5.4000000000000004        9.2137235165188009       5.46768232150343040E-003   9.2137251388567876        50.230886154109541       -2.1300007463822821       0.75013145613782239       2.72846401910687084E-002   2.3427019981023460     
   5.5000000000000000        9.2437689165557444       5.02473680611649660E-003   9.2437702822312779        51.153760775763267       -2.1294761254259011       0.74769327319714007       8.42982945576989801E-002   2.3243654802615943     
   5.5999999999999996        9.2739185713107180       4.93699755178378039E-003   9.2739198854231351        52.079645150156587       -2.1289780387080062       0.74526251063693749       9.33760784343908579E-002   2.3094431326186662     
   5.7000000000000002        9.2997392435993618       4.86825983231918991E-003   9.2997405178260664        53.008328040902093       -2.1284877758388010       0.74319329358126440       8.05345101837953437E-002   2.2956412139741889     
   5.7999999999999998        9.3318020166008289       4.85280722417780891E-003   9.3318032784008711        53.939905103912096       -2.1280017224859762       0.74063978485637727       4.67512964160487904E-002   2.2818613677809667     
   5.9000000000000004        9.3646251957438000       5.55515235955132518E-003   9.3646268434186606        54.874726464529331       -2.1274813245067898       0.73804382913678257      -1.30159307147745712E-004   2.2667139263024993     
   6.0000000000000000        9.3959530709110499       6.60509741626905036E-003   9.3959553925119650        55.812755377862068       -2.1268733120179988       0.73558305216475428      -6.18452364993518425E-002   2.2494240952648514     
   6.0999999999999996        9.4271912030707234       8.13367522717269725E-003   9.4271947118921187        56.753912591561154       -2.1261363733858265       0.73314560922942329      -0.12741964422623483        2.2293527859840254     
   6.2000000000000002        9.4620891222625954       1.03353310756333742E-002   9.4620947668425188        57.698376607827825       -2.1252129230706860       0.73044163382862448      -0.19682072474309339        2.2065175811339257     
   6.2999999999999998        9.4960733035029037       1.38188838961411705E-002   9.4960833582615880        58.646284729116097       -2.1240052123220972       0.72782755745451500      -0.27211908962478637        2.1804980882137937     
   6.4000000000000004        9.5263752081346595       1.82202450601843258E-002   9.5263926322345505        59.597407154697983       -2.1224032558742807       0.72551245220697891      -0.35279534955461073        2.1512544613825368     
   6.5000000000000000        9.5591735237328770       2.38150824052030287E-002   9.5592031893346423        60.551684591291355       -2.1203014895010113       0.72302315893085589      -0.43572291964165188        2.1187635711976669     
   6.5999999999999996        9.5945203206707053       3.07078378158956583E-002   9.5945694616833332        61.509369283511532       -2.1175753434899565       0.72035949759856222      -0.52353174904629407        2.0827283437468629     
   6.7000000000000002        9.6306510359277659       3.83988715691078314E-002   9.6307275866963611        62.470627851341462       -2.1141200080207061       0.71765696961853709      -0.60204806225164242        2.0430038641911619     
   6.7999999999999998        9.6761039858473197       4.62953396937351366E-002   9.6762147352881609        63.435965602430215       -2.1098852974575641       0.71428581668888680      -0.63905949223287351        2.0004454541311949     
   6.9000000000000004        9.7263551570674451       5.40715706821642550E-002   9.7265054555152801        64.406088559575963       -2.1048669519387690       0.71059546215269054      -1.68068058580225603E-002   1.9565766181770794     
   7.0000000000000000        9.7739412727549304       6.08604155705925673E-002   9.7741307538545694        65.381103381067078       -2.0991203526261311       0.70713580581494895      -0.10658877561655770        1.9444794901497018     
   7.0999999999999996        9.8250642930480492       6.62046718916011884E-002   9.8252873454728054        66.361053659357225       -2.0927670982530215       0.70345634712924365      -0.19112213023374711        1.9288406079930753     
   7.2000000000000002        9.8807510366295634       6.99905319590771319E-002   9.8809989233083169        67.346344425841110       -2.0859573380604877       0.69949175040191458      -0.26808958185799225        1.9095457961658771     
   7.2999999999999998        9.9372741984947019       7.19918965023282342E-002   9.9375349724783621        68.337245687597317       -2.0788582166374172       0.69551304511095202      -0.33512323667682842        1.8869719008521268     
   7.4000000000000004        9.9984438548558590       7.21400286868304208E-002   9.9987041011544999        69.334031590264857       -2.0716516203779594       0.69125795356053277       0.14690222655431665        1.8617681546066298     
   7.5000000000000000        10.064324206738181       7.08325884908345277E-002   10.064573463089653        70.337169993344560       -2.0645029895190761       0.68673302806265069       0.19750387238024189        1.8610851075636683     
   7.5999999999999996        10.132342789582708       6.84048828854020435E-002   10.132573692483627        71.347003343160594       -2.0575411159502641       0.68212297801485955       0.18505476114498848        1.8631508072017255     
   7.7000000000000002        10.203873190685638       6.50524220722807495E-002   10.204080551877791        72.363814142174022       -2.0508682507023801       0.67734121237478206       0.12690042393930681        1.8649993501137831     
   7.7999999999999998        10.283236136656228       6.11845464238098616E-002   10.283418156962869        73.388169608541105       -2.0445564022775757       0.67211369514898067       4.85490749877942329E-002   1.8645666353308457     
   7.9000000000000004        10.369148763526667       5.75286865977833461E-002   10.369308348676311        74.420788853550249       -2.0386207406264960       0.66654495904318223      -3.70748256625108089E-002   1.8602446032162963     
   8.0000000000000000        10.454690048852774       5.44597038390129684E-002   10.454831891375559        75.461980794169222       -2.0330213211046564       0.66109122370930229      -0.12841672221286804        1.8520572973983274     
   8.0999999999999996        10.551412567571694       5.22454337398096172E-002   10.551541913694725        76.512285924990437       -2.0276860642257151       0.65503114333137691      -0.21774418159929426        1.8400468370342185     
   8.1999999999999993        10.651391586425342       5.13486505386051076E-002   10.651515357510625        77.572426132690282       -2.0225063600117945       0.64888271000250397      -0.30178631811432943        1.8234213701497133     
   8.3000000000000007        10.746143125969322       5.16846566438701749E-002   10.746267416528871        78.642302868310026       -2.0173546946526706       0.64316134234198707      -0.39201833234597372        1.8028671637284888     
   8.4000000000000004        10.850153731497459       5.28777567535630572E-002   10.850282579467114        79.722117711183358       -2.0121265739827989       0.63699593654915621      -0.47805145605194904        1.7786105871626803     
   8.5000000000000000        10.956014465059583       5.53140300048854255E-002   10.956154097150614        80.812426121011200       -2.0067169846448767       0.63084106542022145       0.10792149016938331        1.7498620244715040     
   8.5999999999999996        11.055233853702228       5.84388724858037820E-002   11.055388308958724        81.912988536949285       -2.0010293395203425       0.62517934304781708       5.06203804563912785E-002   1.7507178887848061     
   8.6999999999999993        11.162010876603119       6.18035539032562309E-002   11.162181977045591        83.023850773464545       -1.9950172182008894       0.61919880873659305      -9.97495323712150467E-003   1.7494847363934884     
   8.8000000000000007        11.272434368827495       6.55149528683068305E-002   11.272624752406720        84.145573035736092       -1.9886512928623112       0.61313320723431697      -7.53267172426413945E-002   1.7450756767333100     
   8.9000000000000004        11.375836160391177       6.90425954833904232E-002   11.376045676246846        85.277986562197015       -1.9819234154447265       0.60756007210813079      -0.13999645410795242        1.7376203351025190     
   9.0000000000000000        11.485576620674285       7.19161859481150384E-002   11.485801767712216        86.421057201250278       -1.9748754763731513       0.60175505907615379      -0.19941352795895090        1.7275904665061783     
   9.0999999999999996        11.598425377299007       7.43194584538504344E-002   11.598663483982905        87.575257301148937       -1.9675636941530530       0.59590018584980264      -0.26513504590488873        1.7144743888998799     
   9.1999999999999993        11.704178750852389       7.58700709431171516E-002   11.704424654786305        88.740387507556505       -1.9600542176832045       0.59051591615466370      -0.32049094983238480        1.6980949218784847     
   9.3000000000000007        11.811410946747477       7.64439306253851258E-002   11.811658318266559        89.916166992436516       -1.9524385176047794       0.58515480233974715      -0.36813245648152870        1.6793614538311270     
   9.4000000000000004        11.924683061471155       7.61107514704101873E-002   11.924925952098254        91.102971692847447       -1.9448107834999897       0.57959643893838375      -0.40876843416891834        1.6585490922396637     
   9.5000000000000000        12.036920564032865       7.51401918107730965E-002   12.037155092182813        92.301051874122649       -1.9372482363359305       0.57419202869458053      -0.43996232193280072        1.6354150144802955     
   9.5999999999999996        12.144269000738170       7.34009065055815646E-002   12.144490819106659        93.510111352361193       -1.9298211814201127       0.56911649745879644      -0.45323467914196025        1.6109998986987901     
   9.6999999999999993        12.260956333111979       7.09141006050487688E-002   12.261161405517152        94.730372619053696       -1.9226054310645813       0.56370022452753665      -0.44186070617200518        1.5865177997221864     
   9.8000000000000007        12.379048615749232       6.84071005295129458E-002   12.379237624445450        95.962372866496779       -1.9156393710078530       0.55832269929890999      -0.41252781885391704        1.5621222619526358     
   9.9000000000000004        12.490242889343621       6.57098079403153207E-002   12.490415734220317        97.205837441751413       -1.9089335255843616       0.55335223655212318      -0.36005798986602183        1.5394455805698031     
   10.000000000000000        12.611686834459240       6.29228366682164225E-002   12.611843802309275        98.460933927941554       -1.9025018933539350       0.54802374405722354      -0.28704759095363580        1.5199908284339065     
   10.100000000000000        12.732080449980582       6.06471123236831597E-002   12.732224890293564        99.728122292163533       -1.8963233959043402       0.54284167187367138      -0.21058618287715877        1.5039224083369747     
   10.199999999999999        12.857238161039422       5.88815056307042672E-002   12.857372988343837        101.00758822271453       -1.8903469650066209       0.53755742495624714      -0.14024576180521270        1.4913736886705016     
   10.300000000000001        12.964342968096178       5.70386626090381849E-002   12.964468442765289        102.29866727917133       -1.8845509565946337       0.53311639894948759      -6.48568195984390583E-002   1.4836921446231770     
   10.400000000000000        13.105388414049830       5.64791155607841655E-002   13.105510114970956        103.60215384827862       -1.8788750676861425       0.52737878646068692      -2.92458250432122598E-002   1.4782446552273389     
   10.500000000000000        13.202528639537752       5.60493010623050597E-002   13.202647613337415        104.91754970095799       -1.8732486468549880       0.52349849234180734       1.03164984418415238E-002   1.4753946225626327     
   10.600000000000000        13.343078173001903       5.55223510684522484E-002   13.343193690504082        106.24483004158498       -1.8676700642484503       0.51798421235979375       3.37925901974786488E-002   1.4761825802028634     
   10.699999999999999        13.483233982139108       5.67582095195494421E-002   13.483353444579679        107.58614564934201       -1.8620560362190501       0.51259985898435323       1.30071302212040243E-002   1.4762042594930489     
   10.800000000000001        13.571424924758086       5.86472690082894960E-002   13.571551642701255        108.93887859468690       -1.8562857622926581       0.50926884068665657      -1.54619397400402678E-002   1.4740867106123718     
   10.900000000000000        13.674050846772158       5.89893458320497610E-002   13.674178085100108        110.30115238326340       -1.8504039315506411       0.50544669720378055      -1.08310002618007724E-002   1.4741576437383785     
   11.000000000000000        13.864415267215350       5.95244267707114999E-002   13.864543045451461        111.67807568896276       -1.8444782429205031       0.49850669535562120      -2.79874111455753818E-002   1.4755581379754314     
   11.100000000000000        14.012931790710239       6.27048289486287075E-002   14.013072085259218        113.07194304185904       -1.8383667801345360       0.49322325557022068      -9.64840038740404082E-002   1.4717524366738330     
   11.199999999999999        14.094699129743946       6.49082475472265719E-002   14.094848585160621        114.47732458788175       -1.8319861263097432       0.49036192786210292      -0.13301314762240787        1.4651363188193902     
   11.300000000000001        14.190697245033459       6.64605241149896497E-002   14.190852874350639        115.89159440662064       -1.8254176877266324       0.48704469685705354      -0.16448100169659352        1.4577604681240994     
   11.400000000000000        14.280132226457670       6.84396475948618743E-002   14.280296229087050        117.31513588019519       -1.8186726791411398       0.48399438662704969      -0.20760850293915481        1.4479729495337346     
   11.500000000000000        14.366307285458264       6.94040155178596574E-002   14.366474930809618        118.74745785579098       -1.8117804959855037       0.48109118791392180      -0.23166372063632026        1.4372869362554621     
   11.600000000000000        14.512163098389342       6.88142865243740742E-002   14.512326250476978        120.19138137498337       -1.8048695808833921       0.47625593724650400      -0.23692387627523345        1.4280639588478388     
   11.699999999999999        14.713868879397614       6.84427742279394569E-002   14.714028062140212        121.65268297387271       -1.7980067278457765       0.46972715976659585      -0.25914574959512598        1.4183677592412198     
   11.800000000000001        14.890505601093759       6.92026901915611670E-002   14.890666407805069        123.13290169789731       -1.7911244546248013       0.46415508130159611      -0.30616787986900684        1.4050895143914339     
   11.900000000000000        15.000159797825896       7.00030614973331244E-002   15.000323142816999        124.62743496784329       -1.7841641670403565       0.46076201394196414      -0.35537374248409936        1.3881626102015410     
   12.000000000000000        15.070701437653351       6.99932152608621766E-002   15.070863972349738        126.13097802961724       -1.7771643532024468       0.45860531883602434      -0.39551290568576913        1.3689158561382868     
   12.100000000000000        15.137948087074118       6.89779276728020585E-002   15.138105239476207        127.64141050585361       -1.7702157960557636       0.45656807634312674      -0.42216253567360068        1.3483966311611417     
   12.199999999999999        15.228509514718636       6.69710766734815249E-002   15.228656774810668        129.15973338594324       -1.7634183458384494       0.45385294149880190      -0.43107757839709876        1.3276608698144958     
   12.300000000000001        15.366611365993485       6.40220866911602321E-002   15.366744733386589        130.68948942997886       -1.7568686876702171       0.44977410264912376      -0.42031980562244742        1.3080367665156560     
   12.400000000000000        15.558505512942087       6.09050192103568200E-002   15.558624721279651        132.23574527392563       -1.7506223323751413       0.44422671780064765      -0.40414052962569669        1.2897008907591707     
   12.500000000000000        15.771109731921102       5.83762948176932694E-002   15.771217770612806        133.80222603616878       -1.7446582666737389       0.43823826955616807      -0.39440633103599437        1.2716583433537818     
   12.600000000000000        15.959589683252849       5.67424757816557823E-002   15.959690553589960        135.38876100692747       -1.7389023281437714       0.43306275255623350      -0.39424226117960887        1.2526650704953710     
   12.699999999999999        16.094372168367091       5.54812629432412316E-002   16.094467796868805        136.99145909950846       -1.7332911412075267       0.42943606408467788      -0.39102384161711390        1.2325438484470594     
   12.800000000000001        16.188513419488061       5.39887658873237433E-002   16.188603445627638        138.60560337890124       -1.7278176397659983       0.42693875952669857      -0.37151744947139270        1.2123069217002440     
   12.900000000000000        16.267496518400144       5.21575643541541470E-002   16.267580133126135        140.22840387579564       -1.7225103232539245       0.42486585628464424      -0.33268516161587269        1.1933211799283110     
   13.000000000000000        16.354993888850021       5.01018619650035121E-002   16.355070629651646        141.85952839615814       -1.7173973519379666       0.42259287193066131      -0.27802011200086840        1.1768117717247875     
   13.100000000000000        16.456370703416340       4.82794494997296347E-002   16.456441524020423        143.50009662577145       -1.7124782863647299       0.41998955677771155      -0.21955519773876367        1.1632175612132072     
   13.199999999999999        16.562971845458044       4.68568308668930386E-002   16.563038124572277        145.15106375321517       -1.7077214723463987       0.41728645694660421      -0.16469584939145354        1.1524882309015942     
   13.300000000000001        16.665169837134467       4.59102689019807719E-002   16.665233075277619        146.81247083734482       -1.7030831173579550       0.41472747685396294      -0.11875300241372289        1.1442636690847197     
   13.400000000000000        16.755174190869781       4.53589169622969426E-002   16.755235587652500        148.48348803874504       -1.6985196580647413       0.41249967079803673      -8.26103459599991513E-002   1.1381199260616797     
   13.500000000000000        16.838175673082787       4.49227995930057203E-002   16.838235598052435        150.16315553194266       -1.6940055722369762       0.41046631013276308      -5.30639801984688145E-002   1.1339455895512891     
   13.600000000000000        16.927570194699566       4.45198971806909927E-002   16.927628738772778        151.85144282533179       -1.6895334373982913       0.40829863698108931      -2.95638917528468631E-002   1.1317033223679560     
   13.699999999999999        17.037406105080521       4.40820187188615195E-002   17.037463133160681        153.54969164032079       -1.6851033416033137       0.40566643744182096      -1.12611064171856488E-002   1.1313597640622777     
   13.800000000000001        17.182158973866091       4.35722668769791890E-002   17.182214221271014        155.26066989426815       -1.6807206273235216       0.40224885873829247       2.10123912097076116E-003   1.1328481347018453     
   13.900000000000000        17.365338031449461       4.33222411206615893E-002   17.365392070525811        156.98804474453391       -1.6763759019236395       0.39800571836727167       5.99569000231421276E-003   1.1355750519978183     
   14.000000000000000        17.573570796951483       4.35170186559221614E-002   17.573624676952068        158.73499018595396       -1.6720339389348102       0.39328966877332044      -3.37336035233188692E-004   1.1386641943687479     
   14.100000000000000        17.790185960830197       4.41931709905629827E-002   17.790240851581579        160.50317802384305       -1.6676484294524860       0.38850093265551305      -1.55815346397696359E-002   1.1412988991657740     
   14.199999999999999        17.997151996052501       4.54191951346006109E-002   17.997209307898355        162.29254492168718       -1.6631678111462278       0.38403319810898501       0.10816357599937611        1.1427086105131570     
   14.300000000000001        18.175304624538906       4.72042508372527703E-002   18.175365923031165        164.10116775271678       -1.6585366388476350       0.38026894077836593       8.57321017337819985E-002   1.1495821852926082     
   14.400000000000000        18.316148387021492       4.91796637508514836E-002   18.316214411682253        165.92574040329478       -1.6537174431182298       0.37734482664460822       6.23188689181282257E-002   1.1547933549160281     
   14.500000000000000        18.426457429196336       5.11318460677336467E-002   18.426528372313303        167.76287069410566       -1.6487018676273004       0.37508587119662040       4.28218581955014665E-002   1.1585090361337858     
   14.600000000000000        18.515390429229271       5.29844942590667958E-002   18.515466240508953        169.60996308702693       -1.6434960506109604       0.37328426123743624       2.84774281972429988E-002   1.1610746171900124     
   14.699999999999999        18.592446591930234       5.46511356388630284E-002   18.592526913262887        171.46535493808489       -1.6381142691160639       0.37173718927864924       1.95200935696670588E-002   1.1629062158307324     
   14.800000000000001        18.667607494328575       5.60360105940709285E-002   18.667691597966677        173.32835764239786       -1.6325799118044171       0.37024047350456329       1.62718814011392245E-002   1.1644447091286270     
   14.900000000000000        18.749726264908396       5.71399174468080404E-002   18.749813331848443        175.19922433035970       -1.6269211154023731       0.36861891956433385       1.76822317232784541E-002   1.1660457702744176     
   15.000000000000000        18.840635486104137       5.80748223323370449E-002   18.840724991497421        177.07874241791032       -1.6211603784134159       0.36684027155002852       2.05312792081836504E-002   1.1678726035995299     
   15.100000000000000        18.938477056736190       5.88486026145549485E-002   18.938568488313809        178.96769804505232       -1.6153142071660713       0.36494507014433913       2.26717160963208555E-002   1.1699620794027277     
   15.199999999999999        19.041413428645573       5.94595160257791605E-002   19.041506263808280        180.86669256932140       -1.6093988012340545       0.36297220601806790       2.29902475662295755E-002   1.1722536482684709     
   15.300000000000001        19.147605793946376       5.99159671286007903E-002   19.147699537111130        182.77614353045104       -1.6034300270763355       0.36095916702456121       2.06181091558182775E-002   1.1746269174245096     
   15.400000000000000        19.255172780297261       6.02366913969151832E-002   19.255267000436298        184.69628245916320       -1.5974223941500598       0.35894270681225465       1.46775769122836994E-002   1.1769149943748298     
   15.500000000000000        19.362366551770357       6.04279062489525773E-002   19.362460846105517        186.62715942576656       -1.5913891642677664       0.35695553120626194       4.31091870503099665E-003   1.1789208460559235     
   15.600000000000000        19.469422233539159       6.04232242082300558E-002   19.469515994853406        188.56874886503203       -1.5853466077449074       0.35499275504906291      -1.01916690821770746E-002   1.1804525314622818     
   15.699999999999999        19.578478632719296       6.01748243112645229E-002   19.578571106731125        190.52114390834495       -1.5793167053189328       0.35301536792277266      -2.69319015294465156E-002   1.1813360796448857     
   15.800000000000001        19.691784063970665       5.96509885491646810E-002   19.691874412114352        192.48465704317948       -1.5733254146759112       0.35098413711245546      -4.40818984550598175E-002   1.1814881714115979     
   15.900000000000000        19.811556503830904       5.88190308213552143E-002   19.811643818292094        194.45982407156956       -1.5674019137073854       0.34886223283673284      -5.99712467551701545E-002   1.1809186191639909     
   16.000000000000000        19.940007278017262       5.76454114576740451E-002   19.940090602623737        196.44740226066196       -1.5615786915934340       0.34661491049289089      -7.29621035503202342E-002   1.1797236618198408     
   16.100000000000001        20.079382674504657       5.60944324820132970E-002   20.079461027989602        198.44837175828809       -1.5558916993964496       0.34420898042215570      -8.15138045072991424E-002   1.1780853430008587     
   16.199999999999999        20.231848393818517       5.41556693534603686E-002   20.231920874375227        200.46393331170421       -1.5503791943046761       0.34161504689849465      -8.43351912578884089E-002   1.1762495954254468     
   16.300000000000001        20.397123478464643       5.19351433168058277E-002   20.397189596972542        202.49538190531840       -1.5450746536711626       0.33884698718398881      -8.16323874290623003E-002   1.1744578489479471     
   16.399999999999999        20.572068318759630       4.95170601098306462E-002   20.572127912565477        204.54384149517958       -1.5400020434998309       0.33596543287749819      -7.56227541022510413E-002   1.1729244059235402     
   16.500000000000000        20.753164291577868       4.69619148641525971E-002   20.753217426092522        206.61010312569647       -1.5351780947511318       0.33303373600248515      -6.83333327294819298E-002   1.1717547663530554     
   16.600000000000001        20.936748880729901       4.43359894496705778E-002   20.936795823972332        208.69459878431189       -1.5306131995354406       0.33011351844883929      -6.13639619044779386E-002   1.1709497528896822     
   16.699999999999999        21.118956237424392       4.17088599601898452E-002   21.118997423818342        210.79738404021955       -1.5263109570649478       0.32726540839408708      -5.60036146048957517E-002   1.1704273276148240     
   16.800000000000001        21.295708773748228       3.91508114680729769E-002   21.295744761861133        212.91811729077821       -1.5222679734935345       0.32454913388079082      -5.31915943386182116E-002   1.1700402129480982     
   16.899999999999999        21.462693425967807       3.67331895352876747E-002   21.462724860191798        215.05603740076396       -1.5184737734433664       0.32202406756345348      -5.35348237390968346E-002   1.1695936422087339     
   17.000000000000000        21.615582553820310       3.44929569560125382E-002   21.615610074783930        217.20995119975339       -1.5149124661188014       0.31974635986278405      -5.72694782571417926E-002   1.1688819902378600     
   17.100000000000001        21.752805439435029       3.23475305698622262E-002   21.752829490635193        219.37837059941620       -1.5115704417425075       0.31772930885355510      -6.36680608393495051E-002   1.1677622847776246     
   17.199999999999999        21.875888111401487       3.02739422270122370E-002   21.875909059377051        221.55980527695797       -1.5084393681026640       0.31594163412708903      -7.14941009839511893E-002   1.1661409227063544     
   17.300000000000001        21.986728470705945       2.82810526985661434E-002   21.986746659351244        223.75293610606337       -1.5055116183563850       0.31434889674951411      -8.00557798991960584E-002   1.1639812486614300     
   17.399999999999999        22.087307374732905       2.63740348713492438E-002   22.087323121094734        225.95663789833526       -1.5027788639778894       0.31291744713998326       7.99117267328501302E-002   1.1612813809091760     
   17.500000000000000        22.179699127484010       2.45567190590882008E-002   22.179712721723110        228.16998822344613       -1.5002323262813675       0.31161395824946719       6.95435129873818308E-002   1.1665028004146485     
   17.600000000000001        22.266051928576353       2.28321017451188733E-002   22.266063634844144        230.39227577624916       -1.4978628852411571       0.31040544862052039       5.79624699822149578E-002   1.1711632821259306     
   17.699999999999999        22.348574716326201       2.12016745675462602E-002   22.348584773139869        232.62300710849425       -1.4956611964255238       0.30925926711776014       4.61965392147947601E-002   1.1752361678699528     
   17.800000000000001        22.429537379532189       1.96642285623794752E-002   22.429545999456089        234.86191271328721       -1.4936179012690274       0.30814295100908135       3.52154578297393453E-002   1.1787460696240046     
   17.899999999999999        22.511200267510652       1.82271091224769366E-002   22.511207646669661        237.10894959563930       -1.4917233343847847       0.30702511442149050       2.59185641277326489E-002   1.1817606182018734     
   18.000000000000000        22.595003247252414       1.69308864641758081E-002   22.595009590576932        239.36425977137748       -1.4899654346054521       0.30588638391711648       1.86776042607799293E-002   1.1843725413544790     
   18.100000000000001        22.681545190821979       1.57894566071984897E-002   22.681550686631628        241.62808719328123       -1.4883294174518833       0.30471926756975382       1.32449024759051393E-002   1.1866894370165753     
   18.199999999999999        22.771383625340068       1.48038184840650049E-002   22.771388437366909        243.90073363408928       -1.4867997536973201       0.30351707878683326       9.36149757697248355E-003   1.1888078385536560     
   18.300000000000001        22.865105473178041       1.39734711983496764E-002   22.865109742956705        246.18255808901520       -1.4853608892131993       0.30227299174303390       6.80584862908209000E-003   1.1908114115014807     
   18.399999999999999        22.963320261703231       1.32954568259238109E-002   22.963324110649189        248.47397937575923       -1.4839974428119858       0.30098016136734868       5.37373075169320091E-003   1.1927726669864780     
   18.500000000000000        23.066662751311672       1.27643797972111644E-002   23.066666283018467        250.77547852641001       -1.4826944509808291       0.29963172013274991       4.87536098510596341E-003   1.1947539120128936     
   18.600000000000001        23.175795339784191       1.23726156757097590E-002   23.175798642402405        253.08760143096484       -1.4814376012071830       0.29822078321657741       5.13568451792209123E-003   1.1968080001881263     
   18.699999999999999        23.291411068292490       1.21105582249904000E-002   23.291414216783799        255.41096175136863       -1.4802134425121480       0.29674045156098106       5.99653253184587523E-003   1.1989790836144680     
   18.800000000000001        23.414237239126390       1.19668819402243311E-002   23.414240297228446        257.74624416673959       -1.4790095705038873       0.29518381347687334       7.31813037457980809E-003   1.2013034792988735     
   18.899999999999999        23.545039702695345       1.19288189576918537E-002   23.545042724493445        260.09420801383061       -1.4778147854589916       0.29354394493148139       8.97944086084673070E-003   1.2038106170379823     
   19.000000000000000        23.684627895284621       1.19824463296478410E-002   23.684630926343658        262.45569139372964       -1.4766192221946246       0.29181390851715933       1.08776087352959183E-002   1.2065240068301046     
   19.100000000000001        23.833860722292762       1.21129767957656367E-002   23.833863800354663        264.83161582460855       -1.4754144510383540       0.28998675113650135       1.29266221671433777E-002   1.2094621782235757     
   19.199999999999999        23.993653399318770       1.23050465450744700E-002   23.993656554614837        267.22299153068906       -1.4741935498713121       0.28805550046387590       1.50552174677064873E-002   1.2126395505265901     
   19.300000000000001        24.164985387114474       1.25429945485232321E-002   24.164988642376148        269.63092347001077       -1.4729511478166322       0.28601316024726320       1.72040931520719489E-002   1.2160671941754844     
   19.399999999999999        24.348909587571349       1.28111290459629948E-002   24.348912957845805        272.05661821874503       -1.4716834416369078       0.28385270449340583       1.93225395407785883E-002   1.2197534466664723     
   19.500000000000000        24.546562996382118       1.30939787961827942E-002   24.546566488770615        274.50139184794273       -1.4703881862448005       0.28156707066957692       2.13645867660170324E-002   1.2237043509273438     
   19.600000000000001        24.759179095962931       1.33765148238841215E-002   24.759182709393230        276.96667895256002       -1.4690646615637972       0.27914915155747189       2.32849090115984647E-002   1.2279238951216402     
   19.699999999999999        24.988102832708151       1.36444241931181400E-002   24.988106557886866        279.45404304899353       -1.4677136146129472       0.27659177986296501       8.38206097456407201E-002   1.2324139993889018     
   19.800000000000001        25.234794407609257       1.38849057029385090E-002   25.234798227545109        281.96518791100942       -1.4663371481181444       0.27388786000227777       7.90158355916731198E-002   1.2401132932924268     
   19.899999999999999        25.501003288041719       1.40716033921353904E-002   25.501007170438125        284.50197779579190       -1.4649393226633907       0.27102870266828222       7.44794177908533056E-002   1.2477694942937074     
   20.000000000000000        25.787793962391611       1.43318270200021858E-002   25.787797944920129        287.06641765831358       -1.4635191511427839       0.26801454393412405       6.92287751087735659E-002   1.2553437893639170     
