Title = "Nombre d'onde, PSE linéaire - Jet compressible - Rans Francisco n = 0, st =  1.1000"
Variables = x, Re(alpha), Im(alpha), abs(alpha), Re(int(alpha)), Im(int(alpha)), C<sub>ph</sub>, sigma, N
Zone T = "_FrancSt1_0Case_5 nombre d'onde PSE",I = 201, F = point
   0.0000000000000000        11.816501106802683       -2.7648625102265343        12.135656682171147        0.0000000000000000        0.0000000000000000       0.58490273689549588        2.7648625102265343        0.0000000000000000     
  0.10000000000000001        10.718532667571086       -2.9872336438212690        11.127017003157954        1.1267516887186886      -0.28760480770239022       0.64481809705243487        3.8845269185933127       0.25787709323839975     
  0.20000000000000001        11.218917741960258       -2.5783269158284492        11.511380672436999        2.2236242091952558      -0.56588283568487618       0.61605798320880756        4.3165976207747487       0.57378675032786930     
  0.29999999999999999        11.298617937455600       -2.2905408502666211        11.528458035805723        3.3495009931660484      -0.80932622398962961       0.61171232412289067        3.8493329824349707       0.89616745931883623     
  0.40000000000000002        11.232162333640879       -1.7726905134645434        11.371187376250033        4.4760400067208730       -1.0124877921761879       0.61533154815589264        3.2584976400348378        1.1797920486093862     
  0.50000000000000000        11.232880220405049       -1.4106608847786812        11.321111349059841        5.5992921344231696       -1.1716553620883490       0.61529222267878170        2.4465088523071374        1.4154042926275043     
  0.59999999999999998        11.091460100419580       -1.0223961911116068        11.138481994006142        6.7155091504644009       -1.2933082158828633       0.62313742062112176        2.4255463424742554        1.5928324892705117     
  0.69999999999999996        10.761150852733079       -1.0331066381711098        10.810627965160538        7.8081396981220337       -1.3960833573469991       0.64226437603950015        1.6849364534495825        1.7588743367066384     
  0.80000000000000004        10.425223257475716      -0.79062555725775052        10.455159909824513        8.8674584036324742       -1.4872699671184422       0.66295979157486595        1.4642806342416670        1.8865019828073941     
  0.90000000000000002        10.186062942357031      -0.61327809878889550        10.204508233722647        9.8980227136241119       -1.5574651499207746       0.67852553798359305       0.94990179119081575        1.9947890802963579     
   1.0000000000000000        10.034963029188324      -0.48960741227049775        10.046899940545179        10.909074012201380       -1.6126094254737442       0.68874233196418477       0.26197953058206824        2.0705076738285673     
   1.1000000000000001        10.012299841853919      -0.43119607916836716        10.021580622929608        11.911437155753493       -1.6586496000456874       0.69030132407798361      -0.33147686473885030        2.1060480545505844     
   1.2000000000000000        9.6645877402270344      -0.33648672118812756        9.6704436042036175        12.895281534857538       -1.6970337400635120       0.71513695396749377       0.27055768462190483        2.1062131424399406     
   1.3000000000000000        9.5246093185831224      -0.39861828753443984        9.5329470370288618        13.854741387798047       -1.7337889904996404       0.72564696427104458      -5.20605482715250575E-002   2.1355444076609360     
   1.3999999999999999        9.3728298590730486      -0.29538100800825912        9.3774831115296209        14.799613346680854       -1.7684889552767753       0.73739777013098129      -0.43950622490323099        2.1502503676899885     
   1.5000000000000000        9.3190322041540821      -0.22572508373745120        9.3217655535573929        15.734206449842212       -1.7945442598640609       0.74165467899302373       0.30192854788344992        2.1421900382554870     
   1.6000000000000001        9.3383144807565586      -0.21890432554713474        9.3408798539137035        16.667073784087744       -1.8167757303282901       0.74012326872692757      -0.24985552142073383        2.1679986953263688     
   1.7000000000000000        9.2678900389990080      -0.13657031950905132        9.2688962248558937        17.597384010075523       -1.8345494625810994       0.74574728539226742      -5.22634894883426682E-002   2.1623087697988002     
   1.8000000000000000        8.9756491348900713      -0.14329542612878840        8.9767929112686069        18.509560968769978       -1.8485427498629914       0.77002829923812455       0.36784080296217680        2.1632071877236196     
   1.8999999999999999        8.9037615888809825      -0.14326774446234636        8.9049141533332996        19.403531504958529       -1.8628709083925481       0.77624538448206337        1.4825987745641247        2.1862542386496613     
   2.0000000000000000        8.9103931178829345      -9.68723702678331716E-002   8.9109196927891166        20.294239240296726       -1.8748779141290570       0.77566766656190866        1.4829315952327766        2.2650603284134916     
   2.1000000000000001        8.9668589128887888      -7.63682765563349075E-002   8.9671841108185859        21.188101841835312       -1.8835399464702653       0.77078315885656290        1.3923297634815253        2.3418332762196399     
   2.2000000000000002        8.9868858993577909      -7.26326483841971265E-002   8.9871794056693446        22.085789082447643       -1.8909899927172920       0.76906549335309204        1.2329080227451301        2.4115886810435372     
   2.2999999999999998        8.8032227526592912      -1.15986629916662413E-002   8.8032303935499403        22.975294515048496       -1.8952015582860851       0.78511063869305231        1.0670087916546789        2.4701527146693656     
   2.3999999999999999        8.6724089592420803      -2.79834761253153243E-002   8.6724541066112515        23.849076100643565       -1.8971806652419341       0.79695317303181845       0.78109271161450100        2.5190420493372767     
   2.5000000000000000        8.6771726286568800      -1.62312128856329334E-002   8.6771878094105972        24.716555180038515       -1.8993913996924814       0.79651565477352526       0.71737158713363980        2.5544059467519302     
   2.6000000000000001        8.7597047138933668      -1.35336290953453602E-002   8.7597151685270092        25.588399047166028       -1.9008796417915304       0.78901105272824157       0.67108250468702857        2.5861756926640558     
   2.7000000000000002        8.8019491804676182      -1.34693636254607004E-002   8.8019594863468349        26.466481741884078       -1.9022297914275708       0.78522423797161267       0.60195524285540469        2.6144813818822410     
   2.7999999999999998        8.7109187159310242       1.55138931732766733E-002   8.7109325308165939        27.342125136704006       -1.9021275649501799       0.79342995420877871       0.55262189298302655        2.6371534192180488     
   2.8999999999999999        8.6098463907023124       1.56678403017101488E-002   8.6098606465325176        28.208163392035672       -1.9005684782764305       0.80274415178431180       0.43592737056750869        2.6561331834094450     
   3.0000000000000000        8.6176471606020151       7.54270211533302013E-003   8.6176504615229774        29.069538069600888       -1.8994079511555784       0.80201750072750932       0.35995456337764037        2.6698633159886631     
   3.1000000000000001        8.6841759599478969      -2.32873070260386592E-003   8.6841762721817002        29.934629225628385       -1.8991472525849420       0.79587330677935886       0.29951202611669309        2.6802769440831127     
   3.2000000000000002        8.7136540054670064      -8.39906269868133729E-003   8.7136580533806480        30.804520723899131       -1.8996836422550063       0.79318088984956492       0.24337425727505266        2.6874199973764936     
   3.2999999999999998        8.6834697968476249      -4.51726751881570063E-003   8.6834709718217393        31.674376914014861       -1.9003294587658812       0.79593802933553603       0.19844702371797868        2.6909508709568235     
   3.3999999999999999        8.6588843410950371      -7.50376212569980276E-003   8.6588875924628379        32.541494620911998       -1.9009305102481069       0.79819796242058239       0.11154105968008798        2.6917238428468617     
   3.5000000000000000        8.6827823382816636      -1.53595028222904151E-002   8.6827959234513248        33.408577954880833       -1.9020736734955064       0.79600104766248736       2.75111090655752524E-002   2.6882680275081761     
   3.6000000000000001        8.7376884656858174      -2.24920572206909787E-002   8.7377174145206258        34.279601495079206       -1.9039662514976554       0.79099911435845238      -4.16434925717221321E-002   2.6806594589285657     
   3.7000000000000002        8.7634379366480211      -1.87212944217412212E-002   8.7634579337352072        35.154657815195897       -1.9060269190797769       0.78867493418241374      -0.10691611500741999        2.6685685640734214     
   3.7999999999999998        8.7739927803210183      -1.71439060547244199E-002   8.7740095294363663        36.031529351044348       -1.9078201791036002       0.78772618247409487      -0.18025731105342449        2.6519113393861935     
   3.8999999999999999        8.7975156958892047      -1.48087495487474168E-002   8.7975281595730124        36.910104774854858       -1.9094178118837739       0.78561994963272064      -0.24931300722993704        2.6304928656750377     
   4.0000000000000000        8.8366407970920449      -1.09421617792019796E-002   8.8366475717738080        37.791812599503920       -1.9107053574501713       0.78214153959635635      -0.31204553419769637        2.6043063924081782     
   4.0999999999999996        8.8693473570598531      -6.52503366658107112E-003   8.8693497572397586        38.677112007211512       -1.9115787172224605       0.77925731845377588      -0.37580144743982458        2.5733363905918796     
   4.2000000000000002        8.8980874034158877      -2.51911385923461826E-003   8.8980877600056925        39.565483745235305       -1.9120309245987512       0.77674038527024225      -0.42583676937678056        2.5375698244799434     
   4.2999999999999998        8.9282936863094857       1.14012688225294864E-003   8.9282937591055518        40.456802799721572       -1.9120998739476003       0.77411251026560024      -0.45987356490228543        2.4978045501289650     
   4.4000000000000004        8.9572718288999926       4.54414819439375936E-003   8.9572729815546115        41.351081075482050       -1.9118156601937679       0.77160813804914086      -0.47238375085464868        2.4549880046038774     
   4.5000000000000000        8.9865400154676180       6.14659028693472290E-003   8.9865421175317977        42.248271667700429       -1.9112811232697016       0.76909509399629628      -0.45668005620775720        2.4104316373667478     
   4.5999999999999996        9.0148120896714001       6.79936189934708321E-003   9.0148146538577194        43.148339272957379       -1.9106338256603874       0.76668307327407392       0.12549372202069814        2.3660081097448846     
   4.7000000000000002        9.0424234038377502       7.60589073651523565E-003   9.0424266026242410        44.051201047632844       -1.9099135630285944       0.76434198325243119      -3.75943422660689336E-002   2.3503002954855550     
   4.7999999999999998        9.0657622536437401       7.29052911432740303E-003   9.0657651851019398        44.956610330506919       -1.9091687420360524       0.76237426534317643      -0.20603134835147388        2.3265046973877244     
   4.9000000000000004        9.0932498253221894       7.05794301717294417E-003   9.0932525644172912        45.864560934455220       -1.9084513184294774       0.76006971882053831      -0.36561884843846393        2.2947857329902743     
   5.0000000000000000        9.1223958735334865       7.56628101508838042E-003   9.1223990113384748        46.775343219398003       -1.9077201072278642       0.75764129661919954      -2.51904033859968006E-002   2.2555834558105836     
   5.0999999999999996        9.1495403725604678       7.82288081577042251E-003   9.1495437168515785        47.688940031702700       -1.9069506491363213       0.75539355601131519       3.40487018533902064E-002   2.2340531253281473     
   5.2000000000000002        9.1805111015643703       8.35685955707744788E-003   9.1805149051155244        48.605442605408946       -1.9061416621176790       0.75284521323870701       6.37615465403423703E-002   2.2161967220019312     
   5.2999999999999998        9.2085446192081442       9.58087538168003218E-003   9.2085496033371257        49.524895391447572       -1.9052447753707411       0.75055333103135635       6.52810209030295768E-002   2.2003266726215744     
   5.4000000000000004        9.2354198624616792       1.07562712678505260E-002   9.2354261262447057        50.447093615531067       -1.9042279180382646       0.74836920690417863       4.89511527922589715E-002   2.1848787421875615     
   5.5000000000000000        9.2676806468504100       1.17093889800992858E-002   9.2676880440483060        51.372248640996666       -1.9031046350258671       0.74576413465934399       2.01876476576408788E-002   2.1688647444171201     
   5.5999999999999996        9.3006271661082387       1.27633789012254108E-002   9.3006359237845420        52.300664031644594       -1.9018809966318009       0.74312234158608903      -3.20767857552375774E-002   2.1513386772580407     
   5.7000000000000002        9.3299616633774143       1.36663599091064198E-002   9.3299716724910482        53.232193473118883       -1.9005595096912842       0.74078587750548219      -7.93068225422402656E-002   2.1312268784204149     
   5.7999999999999998        9.3657964388194088       1.44749249853830045E-002   9.3658076243779238        54.166981378228719       -1.8991524454465598       0.73795153279764902      -0.13112871050214306        2.1089035893449775     
   5.9000000000000004        9.4020356558426474       1.58927404377515041E-002   9.4020490879879528        55.105372982961825       -1.8976340621754031       0.73510717156263639      -0.18505424357451150        2.0839660292028901     
   6.0000000000000000        9.4364888074373248       1.77861627683274896E-002   9.4365055693554236        56.047299206125821       -1.8959501170150992       0.73242325391731256      -0.24844414713005100        2.0564177582470968     
   6.0999999999999996        9.4704241648458840       2.04278429228557032E-002   9.4704461963976829        56.992644854739979       -1.8940394167305401       0.72979876271571620      -0.31711865239578252        2.0260883472485949     
   6.2000000000000002        9.5076490910219285       2.40944514241408572E-002   9.5076796212640406        57.941548517533377       -1.8918133020131902       0.72694141019824532      -0.38900604911363240        1.9930811620134798     
   6.2999999999999998        9.5429643480809148       2.91603045984639500E-002   9.5430089003472940        58.894079189488515       -1.8891505642120601       0.72425124791411855      -0.46082281799707409        1.9570807043560270     
   6.4000000000000004        9.5734928405575221       3.51898690775145281E-002   9.5735575151085719        59.849902048920441       -1.8859330555282612       0.72194171479581404      -0.52340503640919434        1.9183931123211022     
   6.5000000000000000        9.6054272331366839       4.22120277383479445E-002   9.6055199852152526        60.808848052605150       -1.8820629606874681       0.71954153315058444      -0.55661117980051711        1.8777027252703817     
   6.5999999999999996        9.6390300184214706       5.00151943148134243E-002   9.6391597774750348        61.771070915183053       -1.8774515995848100       0.71703312726371238      -0.54376110334595185        1.8361894044122349     
   6.7000000000000002        9.6725981115370452       5.77257166293734872E-002   9.6727703625006214        62.736652321680985       -1.8720645540376006       0.71454471262005714      -0.46289957394179393        1.7961456060033736     
   6.7999999999999998        9.7151294794344381       6.44636492195586053E-002   9.7153433477282078        63.706038701229559       -1.8659550857451541       0.71141654391001441      -0.30156512771229960        1.7612498705916102     
   6.9000000000000004        9.7630817305356672       6.97217406587772592E-002   9.7633306815983563        64.679949261728069       -1.8592458162512373       0.70792235778183277      -9.98678833526972787E-002   1.7348408232663781     
   7.0000000000000000        9.8093681280012515       7.28391517202546385E-002   9.8096385566783297        65.658571754654915       -1.8521177716322856       0.70458196162180609       8.53485396233759908E-002   1.7190123871182947     
   7.0999999999999996        9.8605647013399214       7.36293514298710788E-002   9.8608395946137790        66.642068396121971       -1.8447943464747794       0.70092373482001114       0.20717180746647079        1.7132131658629823     
   7.2000000000000002        9.9177276845894280       7.23561531643397149E-002   9.9179916232356398        67.630983015418437       -1.8374950712450688       0.69688380823733687       0.25324575808674943        1.7138657678718956     
   7.2999999999999998        9.9768356514618688       6.93455559662769228E-002   9.9770766471152683        68.625711182220996       -1.8304099857885381       0.69275510586213063       0.23430597812771581        1.7172223084109126     
   7.4000000000000004        10.041995411550538       6.50146414168451120E-002   10.042205870684020        69.626652735371621       -1.8236919759193819       0.68826000756261774       0.17296630791860590        1.7202415078936835     
   7.5000000000000000        10.113187795103146       6.01999552705174829E-002   10.113366967219068        70.634411895704304       -1.8174312460850137       0.68341496053738160       9.35026421323636170E-002   1.7205333452449449     
   7.5999999999999996        10.187376627745021       5.56131515953040556E-002   10.187528423428121        71.649440116846705       -1.8116405907417226       0.67843804057212020       2.71687596367673053E-003   1.7170498944215926     
   7.7000000000000002        10.265555124437300       5.15748256635273974E-002   10.265684681281767        72.672086704455822       -1.8062811918787809       0.67327131890262926      -9.39136212434359130E-002   1.7094644470296649     
   7.7999999999999998        10.351894027201334       4.84716447930643515E-002   10.352007508244746        73.702959162037743       -1.8012788683559513       0.66765596901749691      -0.18739437106244403        1.6977452378113294     
   7.9000000000000004        10.444164595186974       4.68672091642700281E-002   10.444269750760554        74.742762093157168       -1.7965119256580846       0.66175746034130878      -0.27681528100033753        1.6814486380143159     
   8.0000000000000000        10.535188387566608       4.67973514449276581E-002   10.535292324070584        75.791729742294848       -1.7918286976276248       0.65603989066340251      -0.36790933410328408        1.6611886564910883     
   8.0999999999999996        10.636479395042095       4.81503760194974262E-002   10.636588380672906        76.850313131425281       -1.7870813112544035       0.64979243424465760      -0.45516339043184051        1.6372024917620465     
   8.1999999999999993        10.740020273146643       5.09783574099607756E-002   10.740141258872022        77.919138114834709       -1.7821248745829306       0.64352800666293275      -0.53192104665989204        1.6087564961148102     
   8.3000000000000007        10.837297971246032       5.47728927763266801E-002   10.837436384466415        78.998004027054364       -1.7768373120736161       0.63775157389189019      -0.60355132767515818        1.5767966864363530     
   8.4000000000000004        10.943269652501185       5.88791133359826621E-002   10.943428047798397        80.087032408241726       -1.7711547117680007       0.63157575910759522       5.85981447253957136E-003   1.5421134075313339     
   8.5000000000000000        11.050557116095936       6.34454861580307922E-002   11.050739247028334        81.186723746671575       -1.7650384817933000       0.62544392697002038      -6.75860487946390726E-002   1.5377094166851644     
   8.5999999999999996        11.150456361516399       6.77404358689850522E-002   11.150662125485340        82.296774420552183       -1.7584791856919493       0.61984044543246120      -0.13523253969206464        1.5299363744833252     
   8.6999999999999993        11.257998863810633       7.12881104780534874E-002   11.258224567499843        83.417197181818537       -1.7515277583745974       0.61391939380229466      -0.19628823408747273        1.5195539158838849     
   8.8000000000000007        11.369364745566859       7.42070549097694765E-002   11.369606915137258        84.548565362287434       -1.7442530001052061       0.60790589382687177      -0.25694942230812778        1.5059261898934022     
   8.9000000000000004        11.473668273480060       7.60927874244686775E-002   11.473920592463630        85.690717013239777       -1.7367380079884942       0.60237961157310227      -0.31169775198618799        1.4894484621385438     
   9.0000000000000000        11.585039167682694       7.66863746253475254E-002   11.585292975009105        86.843652385297915       -1.7290990498860035       0.59658873292182613      -0.35455969826159411        1.4708668494902215     
   9.0999999999999996        11.700342563588929       7.63973337164849803E-002   11.700591978952593        88.007921471861494       -1.7214448644689120       0.59070952840354540      -0.39639673975309669        1.4499806602632115     
   9.1999999999999993        11.809166222819044       7.51098449195346934E-002   11.809405080992608        89.183396911181887       -1.7138695055371109       0.58526603042832392      -0.41609499027552482        1.4269885705048078     
   9.3000000000000007        11.920124810897834       7.29583820005073463E-002   11.920348083545473        90.369861462867746       -1.7064660941911087       0.57981807636601124      -0.41342670214946359        1.4034033628330078     
   9.4000000000000004        12.037927465289851       7.02406031135071746E-002   12.038132388452350        91.567764076677122       -1.6993061449354081       0.57414400093588946      -0.38981614264561903        1.3802418014601476     
   9.5000000000000000        12.155117185910932       6.73923754397880992E-002   12.155304008353502        92.777416309237154       -1.6924244960077435       0.56860857301389989      -2.41001059828817726E-002   1.3579453509894936     
   9.5999999999999996        12.267622564794666       6.44370480687541380E-002   12.267791794998114        93.998553296772428       -1.6858330248323163       0.56339390956908120      -7.05128301693238868E-002   1.3542183195016764     
   9.6999999999999993        12.389955808277668       6.14626934642005379E-002   12.390108255933900        95.231432215426040       -1.6795380377556686       0.55783119365768885      -0.11926433788961796        1.3487906970810482     
   9.8000000000000007        12.513680906828954       5.91789481962122915E-002   12.513820838810389        96.476614051181386       -1.6735059556726479       0.55231581253808437      -0.17271962359654161        1.3404301044716820     
   9.9000000000000004        12.630076229107731       5.73833342719907505E-002   12.630206585805489        97.733801907978219       -1.6676778415492377       0.54722582132711473      -0.22752055714188957        1.3296757904922916     
   10.000000000000000        12.756652955541533       5.60640960568659016E-002   12.756776152735188        99.003138367210681       -1.6620054700327949       0.54179602298384744      -1.18285727568251051E-002   1.3168153597110586     
   10.100000000000000        12.881691519404413       5.56741622520527182E-002   12.881811829608367        100.28505559095797       -1.6564185571173489       0.53653697788728760       1.46915482252826437E-002   1.3144754155365908     
   10.199999999999999        13.011090058550222       5.60630993100301109E-002   13.011210842300907        101.57969466985570       -1.6508316940392447       0.53120098368358148       1.84286927160375175E-002   1.3131668783726085     
   10.300000000000001        13.121484436889107       5.65318285757017563E-002   13.121606215519698        102.88632339462768       -1.6452019476449580       0.52673185500772135       2.39344767620044210E-002   1.3134521214985628     
   10.400000000000000        13.266169241645679       5.81991575877667602E-002   13.266296901921418        104.20570607855441       -1.6394653983367846       0.52098716004622359      -9.90543368356597634E-003   1.3124286884230727     
   10.500000000000000        13.365251970828547       5.98750109389047241E-002   13.365386087228131        105.53727713917812       -1.6335616899104510       0.51712484381011514      -2.53125094548807585E-002   1.3105657883322763     
   10.600000000000000        13.508388873849745       6.11604644690566662E-002   13.508527327934813        106.88095918141202       -1.6275099161400530       0.51164531184597462      -4.28444598062687129E-002   1.3096457380936357     
   10.699999999999999        13.650810700103479       6.37964648752828573E-002   13.650959774279251        108.23891916010967       -1.6212620696728361       0.50630720692985320      -9.50720758723815479E-002   1.3058249881242148     
   10.800000000000001        13.739683970059229       6.66730774549850747E-002   13.739845737720634        109.60844389361783       -1.6147385925563227       0.50303222788520596      -0.14293357256630407        1.2982732921881870     
   10.900000000000000        13.843085651520861       6.76302866416820386E-002   13.843250854153224        110.98758237469683       -1.6080234243514893       0.49927480128956786      -0.14439363313203282        1.2920532000671023     
   11.000000000000000        14.036372061984197       6.82122044353477147E-002   14.036537805573156        112.38155526037208       -1.6012312997976379       0.49239958925116495      -0.16347150293272941        1.2868162144796189     
   11.100000000000000        14.186886427420854       7.08909631231356280E-002   14.187063545117100        113.79271818484233       -1.5942761414197137       0.48717552461255886      -0.23633168539207125        1.2761155567609366     
   11.199999999999999        14.269005964713541       7.23081405032793140E-002   14.269189174168714        115.21551280444905       -1.5871161862383931       0.48437178139733844      -0.27060913863547964        1.2624555966159896     
   11.300000000000001        14.365915656205333       7.27280972520677749E-002   14.366099749665370        116.64725888549501       -1.5798643743506258       0.48110430294167383      -0.29717649563202431        1.2481617158895002     
   11.400000000000000        14.456394974322333       7.32300655886948260E-002   14.456580449612492        118.08837441702138       -1.5725664662085876       0.47809317953569086      -0.33652546693073615        1.2316423758275701     
   11.500000000000000        14.543811737800118       7.25272813267742178E-002   14.543992576700152        119.53838475262751       -1.5652785988628142       0.47521956159087170      -0.35329415706763267        1.2144362718491089     
   11.600000000000000        14.692683727071564       7.01692503827946595E-002   14.692851283105428        121.00020952587109       -1.5581437722773357       0.47040445205820103      -0.34581121934994036        1.1990800037981140     
   11.699999999999999        14.899125239747217       6.79744682883486884E-002   14.899280299330288        122.47979997421201       -1.5512365863437785       0.46388655217551605      -0.35345381008739596        1.1838074247021038     
   11.800000000000001        15.080215599236762       6.69436745611224210E-002   15.080364185755844        123.97876701616123       -1.5444906792013049       0.45831598311149807      -0.38472166051796314        1.1656011385514256     
   11.900000000000000        15.192990772140805       6.60791978808766556E-002   15.193134471291572        125.49242733473010       -1.5378395355792049       0.45491397589545590      -0.41279466400263232        1.1445405654979353     
   12.000000000000000        15.266030597168013       6.46053662396751660E-002   15.266167300505289        127.01537840319553       -1.5313053073731773       0.45273745482861094      -0.42336423086986597        1.1222475643081549     
   12.100000000000000        15.336033909688394       6.24066917988133144E-002   15.336160884468237        128.54548162853834       -1.5249547044712528       0.45067087609471629      -0.41137142260112342        1.1001755812935523     
   12.199999999999999        15.430137430776346       5.95699169824117705E-002   15.430252418792589        130.08379019556156       -1.5188558740321916       0.44792237715991640      -0.37377892590110084        1.0798283319150250     
   12.300000000000001        15.572985491519761       5.61947890166392336E-002   15.573086880043968        131.63394634167639       -1.5130676387322390       0.44381366961789004      -0.31211244349099715        1.0629334942840085     
   12.400000000000000        15.770872035069647       5.30464869575228565E-002   15.770961247695729        133.20113921800586       -1.5076055749335309       0.43824487463524225      -0.24719905887014218        1.0498639703400741     
   12.500000000000000        15.989928552511635       5.08180471233630610E-002   15.990009305448833        134.78917924738491       -1.5024123482294867       0.43224107069646123      -0.19648907238039043        1.0395008396646803     
   12.600000000000000        16.184256950023475       4.97461932726852574E-002   16.184333403267750        136.39788852251166       -1.4973841362096842       0.42705104468126481      -0.16606713048997268        1.0302146812815614     
   12.699999999999999        16.323544297214529       4.92906008659110134E-002   16.323618716034098        138.02327858487357       -1.4924322965027546       0.42340705621615116      -0.14444813758512859        1.0213202011217264     
   12.800000000000001        16.421088463137906       4.88668859141739922E-002   16.421161173520581        139.66051022289122       -1.4875244221637502       0.42089194351595538      -0.12075927603645469        1.0132564613812833     
   12.900000000000000        16.502920364161245       4.83671261736876718E-002   16.502991241733792        141.30671066425617       -1.4826627215593571       0.41880489546001759      -9.42410067865929874E-002   1.0066781134358709     
   13.000000000000000        16.593236510714807       4.78628102937463662E-002   16.593305540160710        142.96151850799998       -1.4778512247359854       0.41652536160950621      -6.82530376288050800E-002   1.0019807109393346     
   13.100000000000000        16.697511758851213       4.77330108086200383E-002   16.697579985653473        144.62605592147827       -1.4730714336808670       0.41392417850724461      -5.15313985046968528E-002  0.99876877946315179     
   13.199999999999999        16.806877996006119       4.80717420463175268E-002   16.806946744278630        146.30127540922112       -1.4682811960381201       0.41123067826992926      -4.57154325730140532E-002  0.99633731019708727     
   13.300000000000001        16.911480456591104       4.88981030820034857E-002   16.911551148790220        147.98719333185102       -1.4634327037817041       0.40868709606105758      -5.06143628223865577E-002  0.99396097268095740     
   13.400000000000000        17.003346261173693       5.00934744417048661E-002   17.003420051082401        149.68293466773926       -1.4584831249055188       0.40647903840431843      -6.26636535059647004E-002  0.99112988338208341     
   13.500000000000000        17.087779876559953       5.13484904669381931E-002   17.087857027059904        151.38749097462593       -1.4534110266600866       0.40447055660977671      -7.56518410100003313E-002  0.98787471005542793     
   13.600000000000000        17.178491279551821       5.25349420173339132E-002   17.178571610054508        153.10080453243151       -1.4482168550358729       0.40233474089337279      -8.74204551081082804E-002  0.98443949154431343     
   13.699999999999999        17.289863154791295       5.35340215778739859E-002   17.289946032387604        154.82422225414865       -1.4429134068561125       0.39974311977028337      -9.61590746579055466E-002  0.98115132532539973     
   13.800000000000001        17.436727760594202       5.42565884289091527E-002   17.436812173515676        156.56055179991796       -1.4375238763557732       0.39637619700165683      -0.10141308480135171       0.97834905657932514     
   13.900000000000000        17.622727757235083       5.49741795846030029E-002   17.622813503128405        158.31352457580942       -1.4320623379550976       0.39219262381557246      -0.10866146371294376       0.97584091355578884     
   14.000000000000000        17.834237232734765       5.58548044835963306E-002   17.834324697970676        160.08637282530790       -1.4265208887516876       0.38754131997366681      -0.11984386182105707       0.97311705049479047     
   14.100000000000000        18.054253526230216       5.69449861464176102E-002   18.054343331199931        161.88079736325614       -1.4208808992201869       0.38281858775585109      -0.13510164610659189       0.96967743301683540     
   14.199999999999999        18.264376099588212       5.83289877567039275E-002   18.264469238880768        163.69672884454704       -1.4151172005250308       0.37841445008643754      -0.15507587137147461       0.96499582244888737     
   14.300000000000001        18.445028014822014       6.00398747761128199E-002   18.445125731589147        165.53219905026756       -1.4091987573983897       0.37470823206902232      -0.17932210859844572       0.95858195980671868     
   14.400000000000000        18.587526878796201       6.17475710061223745E-002   18.587629440907637        167.38382679494848       -1.4031093851092780       0.37183558000832662      -0.20251489326617225       0.95041987872224376     
   14.500000000000000        18.698813308674410       6.32424207193791471E-002   18.698920256432928        169.24814380432201       -1.3968598855230030       0.36962259175512963      -0.22294150758258788       0.94078041129589873     
   14.600000000000000        18.788267136250543       6.44418546459459285E-002   18.788377650445032        171.12249782656826       -1.3904756717547369       0.36786276178511007       8.12499455991748214E-003  0.92994704686481533     
   14.699999999999999        18.865617028071085       6.52610279034421537E-002   18.865729905084741        173.00519203478433       -1.3839905276272675       0.36635450765345112      -1.17052258648979728E-003  0.93064887620426173     
   14.800000000000001        18.941089304095925       6.56134513340032172E-002   18.941202948881916        174.89552735139270       -1.3774468036653951       0.36489473899491959      -5.08710726828816035E-003  0.93103496753895576     
   14.900000000000000        19.023759488310283       6.55087621682173132E-002   19.023872278455727        176.79376979101301       -1.3708906929902840       0.36330904215565413      -4.61007276761745289E-003  0.93143820563084112     
   15.000000000000000        19.115541745300572       6.50786425791704259E-002   19.115652524725615        178.70073485269353       -1.3643613227529146       0.36156463311308940      -2.80423971936196326E-003  0.93200431097051462     
   15.100000000000000        19.214587286702059       6.43611182276713628E-002   19.214695078294422        180.61724130429366       -1.3578893347125724       0.35970087386060207      -1.75985619090909774E-003  0.93276639127316519     
   15.199999999999999        19.319065949183297       6.33873943021847353E-002   19.319169938448443        182.54392396608793       -1.3515019090860796       0.35775559005168805      -2.32760860094199159E-003  0.93366442335086575     
   15.300000000000001        19.427144445104908       6.21969618423905274E-002   19.427244008171435        184.48123448580236       -1.3452226912788507       0.35576529826230069      -5.12032821449924513E-003  0.93459247262027090     
   15.400000000000000        19.536941171544111       6.08375890118637644E-002   19.537035894746474        186.42943876663480       -1.3390709637361380       0.35376591336438423      -1.07370053237547617E-002  0.93541221509408812     
   15.500000000000000        19.646700041495141       5.93424946528019678E-002   19.646789662745331        188.38862082728676       -1.3330619595529047       0.35178955362987113      -1.97478490121161740E-002  0.93596957891793531     
   15.600000000000000        19.756636763687286       5.76747499248048967E-002   19.756720947289278        190.35878766754587       -1.3272110973240243       0.34983200433187572      -3.18334004732322776E-002  0.93612687725030341     
   15.699999999999999        19.868855283428672       5.58184770942697014E-002   19.868933689964759        192.34006226990167       -1.3215364359730706       0.34785616681510506      -4.53260676035611709E-002  0.93576484643847269     
   15.800000000000001        19.985564070617638       5.37743810085796262E-002   19.985636414805896        194.33278323760402       -1.3160567930679281       0.34582480701951740      -5.87620280925538752E-002  0.93484225122533726     
   15.900000000000000        20.108941103105050       5.15428779745679549E-002   20.109007159887771        196.33750849629016       -1.3107909301187708       0.34370302257389029      -7.09057385055975875E-002  0.93339114799157885     
   16.000000000000000        20.241163834419513       4.91239302355087823E-002   20.241223444553302        198.35501374316638       -1.3057575897082669       0.34145782794093754      -8.06473764472424581E-002  0.93150655193119447     
   16.100000000000001        20.384459134089010       4.65149067511468547E-002   20.384512204757193        200.38629489159183       -1.3009756478589340       0.33905750417186253      -8.70963750416223481E-002  0.92934108098680446     
   16.199999999999999        20.540994735889448       4.37358889823699221E-002   20.541041297067270        202.43256758509071       -1.2964631080722584       0.33647366774412785      -8.96923916357731110E-002  0.92707809160392562     
   16.300000000000001        20.710500575274910       4.09110093019719040E-002   20.710540982532166        204.49514235064896       -1.2922307631580412       0.33371978686738252      -8.90135699326010527E-002  0.92486384065794880     
   16.399999999999999        20.889837940963332       3.81273032109858898E-002   20.889872735154739        206.57515927646082       -1.2882788475323934       0.33085483273877531      -8.70895402427505211E-002  0.92279978581509003     
   16.500000000000000        21.075472870194609       3.54418005412740281E-002   21.075502670720208        208.67342481701874       -1.2846003923447804       0.32794062939730972      -8.55031308299977061E-002  0.92088815069012020     
   16.600000000000001        21.263708183965484       3.29114141426736784E-002   21.263733653665380        210.79038386972678       -1.2811827316105830       0.32503756062215744      -8.53130062934349814E-002  0.91904936527152703     
   16.699999999999999        21.450621010604223       3.05901189969696799E-002   21.450642822441374        212.92610032945521       -1.2780076549536010       0.32220530279663273       9.39422317975357503E-003  0.91714874224426612     
   16.800000000000001        21.632051782855235       2.85278262312328307E-002   21.632070593750377        215.08023396912822       -1.2750517576921909       0.31950292590254192       3.43295119486124803E-002  0.91984726442197762     
   16.899999999999999        21.803579192222916       2.67726582301449842E-002   21.803595629316849        217.25201551788209       -1.2722867334691221       0.31698941613965836       5.40086260757861938E-002  0.92359202434879661     
   17.000000000000000        21.960745820976946       2.53397937866486865E-002   21.960760440356012        219.44023176854211       -1.2696811108682824       0.31472081568812948       6.63120924732060468E-002  0.92807620416069170     
   17.100000000000001        22.101893955548697       2.41349682056177864E-002   22.101907133073613        221.64336375736841       -1.2672073727686690       0.31271093109929649       7.10598362576055076E-002  0.93295984961561607     
   17.199999999999999        22.228534198369182       2.31255754448515712E-002   22.228546227774498        223.85988516506424       -1.2648443455861456       0.31092935666466998       6.99661049350705083E-002  0.93790622591797801     
   17.300000000000001        22.342568906130129       2.23086806051050364E-002   22.342580043549205        226.08844032028924       -1.2625726327836477       0.30934239777598882       6.45859530988811409E-002  0.94265931481978038     
   17.399999999999999        22.445997308234201       2.16765260153889798E-002   22.446007774948246        228.32786863100742       -1.2603733724526232       0.30791698595464484       5.61858844979840066E-002  0.94704066252413011     
   17.500000000000000        22.540924788868910       2.12194428947049887E-002   22.540934776583729        230.57721473586261       -1.2582285740071184       0.30662024307496749       4.58653085437823599E-002  0.95093471913698258     
   17.600000000000001        22.629542492598802       2.09257910643804133E-002   22.629552167753264        232.83573809993604       -1.2561213123091641       0.30541951257556427       3.46062592971946997E-002  0.95427981067542422     
   17.699999999999999        22.714111606505202       2.07814716258534760E-002   22.714121113138791        235.10292080489120       -1.2540359491746524       0.30428237553953585       2.33019909851414839E-002  0.95706212337109164     
   17.800000000000001        22.796961487051878       2.07685790877837999E-002   22.796970947386935        237.37847445956908       -1.2519584466389706       0.30317653700573705       1.27731045639967178E-002  0.95931166872385298     
   17.899999999999999        22.880415248416906       2.08754935322425748E-002   22.880424771542575        239.66234329634247       -1.2498762430079693       0.30207073441884985       3.76854830627280490E-003  0.96109353386146179     
   18.000000000000000        22.965953265372093       2.11204180124195499E-002   22.965962976964676        241.95466172203194       -1.2477764474307362       0.30094565455371991      -3.40369784456991901E-003  0.96249088798686000     
   18.100000000000001        23.054192500887407       2.14991117736216993E-002   23.054202525348394        244.25566901034495       -1.2456454709414342       0.29979379401952622      -8.99799799988122359E-003  0.96359882235770733     
   18.199999999999999        23.145704459865726       2.19954594003606702E-002   23.145714911051730        246.56566385838255       -1.2434707423827351       0.29860848909921839      -1.32646829935807193E-002  0.96450100528309901     
   18.300000000000001        23.241091536791583       2.25929808583371847E-002   23.241102518260821        248.88500365821545       -1.2412413203698003       0.29738292743076877      -1.64079519272676451E-002  0.96526872577992950     
   18.399999999999999        23.340978883186978       2.32742136046183747E-002   23.340990487003747        251.21410717921432       -1.2389479606466525       0.29611028194177641      -1.86110033821507981E-002  0.96596306806947430     
   18.500000000000000        23.446017435596250       2.40208884148485971E-002   23.446029740520324        253.55345699515351       -1.2365832055456791       0.29478370289891331      -2.00381542416970850E-002  0.96663605148126264     
   18.600000000000001        23.556886678706867       2.48141930275241340E-002   23.556899748006160        255.90360220086870       -1.2341414514735605       0.29339631896879109      -2.08342629833010405E-002  0.96733160292774345     
   18.699999999999999        23.674298017781016       2.56350456030479644E-002   23.674311896869849        258.26516143569307       -1.2316189895420320       0.29194123655563237      -2.11230372514847886E-002  0.96808654722766718     
   18.800000000000001        23.798998785910374       2.64643584732233844E-002   23.799013500017871        260.63882627587770       -1.2290140193382184       0.29041153790004542      -2.10063905689066230E-002  0.96893169023100556     
   18.899999999999999        23.931777846707057       2.72837119902665896E-002   23.931793399264475        263.02536510750855       -1.2263266158150439       0.28880026725003838      -2.05646314387525828E-002  0.96989295280622956     
   19.000000000000000        24.073467372391722       2.80738806376732049E-002   24.073483741917848        265.42562736846349       -1.2235587361836469       0.28710047169291014      -1.98600682175262624E-002  0.97099244284309250     
   19.100000000000001        24.224954774331575       2.88176420995881200E-002   24.224971914842467        267.84054847579972       -1.2207141600467837       0.28530512862797497      -1.89349116309961672E-002  0.97224946134569412     
   19.199999999999999        24.387186212941419       2.94982514921108795E-002   24.387204053181684        270.27115552516329       -1.2177983653671989       0.28340718677211946      -1.78183988264378514E-002  0.97368150260534536     
   19.300000000000001        24.561175972760562       3.01000625091533275E-002   24.561194416776107        272.71857363444843       -1.2148184496671357       0.28139954884744572      -1.65279334525856962E-002  0.97530495140716733     
   19.399999999999999        24.748016174724356       3.06086970791056984E-002   24.748035103352251        275.18403324182265       -1.2117830116877228       0.27927506548813408      -1.50731692982994710E-002  0.97713570848152309     
   19.500000000000000        24.948887992397193       3.10111975237929820E-002   24.948907265681051        277.66887845017874       -1.2087020169575780       0.27702652879774542      -1.34598584420202970E-002  0.97918960423104973     
   19.600000000000001        25.165074673670137       3.12961512054647922E-002   25.165094134146894        280.17457658348212       -1.2055866495211149       0.27464666517079539      -1.16936174334126390E-002  0.98148261471860809     
   19.699999999999999        25.397977248713190       3.14538628191646796E-002   25.397996725561626        282.70272917960125       -1.2024491488198836       0.27212812147265480      -9.78451243818794121E-003  0.98403083881770248     
   19.800000000000001        25.649118828805147       3.14769982491954203E-002   25.649138143329210        285.25508398347722       -1.1993026057664655       0.26946359771765754      -7.75676065711095129E-003  0.98684993766906437     
   19.899999999999999        25.920323348289308       3.13469738075640089E-002   25.920342303153305        287.83355609233189       -1.1961614071636275       0.26664419826204411      -5.48834810931266015E-003  0.98996166722537271     
   20.000000000000000        26.212717792336722       3.11844337772146547E-002   26.212736341892963        290.44020814936323       -1.1930348367843886       0.26366986791114505      -4.53830662022813251E-003  0.99332512351779434     
