0.0000000000000000  
0.0216886354742158  
0.0433009639238737  
0.0648372538196210  
0.0862977726875474  
0.1076827871125053  
0.1289925627414184  
0.1502273642865948  
0.1713874555290000  
0.1924730993215395  
0.2134845575923342  
0.2344220913479500  
0.2552859606766684  
0.2760764247516921  
0.2967937418343868  
0.3174381692774684  
0.3380099635282158  
0.3585093801316500  
0.3789366737337053  
0.3992920980844053  
0.4195759060409948  
0.4397883495711000  
0.4599296797558474  
0.4800001467929869  
0.5000000000000000  
0.5199998941970974  
0.5422601090408473  
0.5670360983539211  
0.5946121864892027  
0.6253048311798237  
0.6594662551455210  
0.6974884881308895  
0.7398078657612106  
0.7869100368437684  
0.8393355365775078  
0.8976859896280711  
0.9626310142534579  
1.0349159067107159  
1.1153701941283658  
1.2049171539956633  
1.3045844095124421  
1.4155157223897026  
1.5389841184327895  
1.6764064965337238  
1.8293598887226552  
1.9995995578755053  
2.1890791407635577  
2.3999730676026445  
2.6347015153841973  
2.8959581813477371  
3.1867411953175844  
3.5103875256477317  
3.8706112736106451  
4.2715462956888528  
4.7177936428942973  
5.2144743615197031  
5.7672882612529293  
6.3825793250655813  
7.0674085115068026  
7.8296347848669949  
8.6780053030975743  
9.6222557984655150  
10.6732223028912081 
11.8429655001074945 
13.1449091316806967 
14.5939940452137336 
16.2068496525580343 
18.0019847656548109 
20.0000000000000000 
