Title = "Nombre d'onde, PSE linéaire - Jet compressible - Rans Francisco n = 0, st =  0.4000"
Variables = x, Re(alpha), Im(alpha), abs(alpha), Re(int(alpha)), Im(int(alpha)), C<sub>ph</sub>, sigma, N
Zone T = "_FrancCase_9 nombre d'onde PSE",I = 201, F = point
   0.0000000000000000        2.8044316319015854       -1.5882107465970852        3.2229257133258069        0.0000000000000000        0.0000000000000000       0.89617949472623537        1.5882107465970852        0.0000000000000000     
  0.10000000000000001        2.1648868194837849       -1.0664334184046171        2.4132996451051776       0.24846592256926853      -0.13273220825008511        1.1609263358493365        1.9679887267195164       0.12600695047203367     
  0.20000000000000001        2.3783007454445357       -1.1231590661332735        2.6301712346574324       0.47562530081568455      -0.24221183247697967        1.0567520225042315        1.7224644762854091       0.27899532954603079     
  0.29999999999999999        2.4756534902311818       -1.4337680744878338        2.8608654451257198       0.71832301259947040      -0.37005818950803504        1.0151962432501569        1.6966009948867316       0.42648740217943615     
  0.40000000000000002        2.5209558458721992       -1.6429405992717683        3.0090650025502428       0.96815347940463958      -0.52389362319601518       0.99695285301686554        2.0205416526249467       0.58311774449484832     
  0.50000000000000000        2.6018275245710720       -1.8218411598626740        3.1762574957621754        1.2242926479268030      -0.69713271115273723       0.96596492240052068        2.1241459397901181       0.76181915189573024     
  0.59999999999999998        2.6219802293343264       -1.5672146507408189        3.0546590782797272        1.4854830356220730      -0.86658550168291182       0.95854045532216292        2.3921740333767358       0.92780280465377640     
  0.69999999999999996        2.9836813432531950       -1.3531312598018490        3.2761743794142171        1.7657661142514489       -1.0126027972100453       0.84233999336254128        2.0841543911220404        1.1092704837624598     
  0.80000000000000004        3.2819675204592547       -1.5609398671420036        3.6342597697719361        2.0790485574370718       -1.1583063535572380       0.76578275293844011        2.0778064396737226        1.2773686096147256     
  0.90000000000000002        3.2792723671041140       -1.6518666081079316        3.6718238722240777        2.4071105518152400       -1.3189466773197347       0.76641213096040472        2.3261931049438438        1.4522857945138132     
   1.0000000000000000        3.3635913801608499       -1.6170038688625779        3.7320836652745228        2.7392537391784879       -1.4823902011682601       0.74719959674520497        2.6013012646108726        1.6445879784920132     
   1.1000000000000001        3.3580302770341492       -1.4566838755790030        3.6603681856952464        3.0753348220382382       -1.6360745883903394       0.74843700488954101        2.6256070306737831        1.8430915920481512     
   1.2000000000000000        3.2452614672634823       -1.1727324976026028        3.4506555177007119        3.4054994092531192       -1.7675454070494194       0.77444426226498009        2.1663425548264974        2.0245476208115969     
   1.3000000000000000        3.6113646681450176      -0.92703561064662454        3.7284513929690881        3.7483307160235446       -1.8725338124618809       0.69593473764663627        2.0430426125185073        2.1834398452376544     
   1.3999999999999999        3.7435038233018374       -1.0791056572014048        3.8959324807393094        4.1160741405958872       -1.9728408758542821       0.67136945532890668        1.7778847327569289        2.3326205991693354     
   1.5000000000000000        3.6573512638718837       -1.1454494439249627        3.8325282381129653        4.4861168949545736       -2.0840686309106005       0.68718423294434594        1.8510949564771291        2.4747038672894579     
   1.6000000000000001        3.6434324430889515       -1.0698432187453712        3.7972574945674387        4.8511560803026157       -2.1948332640441173       0.68980944813156642        1.9197888555640379        2.6227208206061339     
   1.7000000000000000        3.3869016244196044      -0.89218682294488671        3.5024419967406519        5.2026727836780431       -2.2929347661286301       0.74205701894353693        1.6395732264335730        2.7593395217155914     
   1.8000000000000000        3.4728133089279840      -0.58923123089621265        3.5224459856938615        5.5456585303454231       -2.3670056688206853       0.72369974982837537        1.6244880247368385        2.8767267756046597     
   1.8999999999999999        3.7511350447251135      -0.60782298219908137        3.8000609075979641        5.9068559480280776       -2.4268583794754499       0.67000363700742460        1.2830144250638666        2.9888712991846522     
   2.0000000000000000        3.7200592747489996      -0.75279859890704004        3.7954639687609282        6.2804156640017839       -2.4948894585307562       0.67560055828449417        1.0556459890079279        3.0865241126788843     
   2.1000000000000001        3.6301473372659276      -0.74358633997974277        3.7055216009710934        6.6479259946025309       -2.5697087054750956       0.69233391633209174        1.0775436938869989        3.1782851656299211     
   2.2000000000000002        3.4871763488336640      -0.63112983995028993        3.5438289691717011        7.0037921789075108       -2.6384445144715971       0.72071896327022145        1.0457450230254064        3.2666482908572991     
   2.2999999999999998        3.3765497496578871      -0.44206490501141443        3.4053648251189608        7.3469784838320873       -2.6921042517196820       0.74433202801957232       0.93743337066877397        3.3428951503817559     
   2.3999999999999999        3.6242672584667801      -0.32873796644454945        3.6391457529723108        7.6970193342383206       -2.7306443952924804       0.69345717179120414       0.79220686632389448        3.4115393008409263     
   2.5000000000000000        3.6499476999680747      -0.47522551893079618        3.6807550185179783        8.0607300821600631       -2.7708425695612475       0.68857811932313928       0.50205748330157163        3.4715114889639032     
   2.6000000000000001        3.5802569357302407      -0.50319903539571420        3.6154458915972829        8.4222403139449789       -2.8197637972775729       0.70198149685567723       0.53490815278387061        3.5229981003170181     
   2.7000000000000002        3.4572936298194392      -0.41654988701889178        3.4822970940408755        8.7741178422224628       -2.8657512433983032       0.72694841456179493       0.52446986582273702        3.5747158818546065     
   2.7999999999999998        3.3788747898465665      -0.28322601767084599        3.3907243802093920        9.1159262632057612       -2.9007400386327902       0.74381984512245314       0.46756427116851262        3.6185199545890989     
   2.8999999999999999        3.5185611290777281      -0.20700570194575249        3.5246451991221459        9.4607980591519762       -2.9252516246136202       0.71429031091769157       0.42068086392227189        3.6563780457108956     
   3.0000000000000000        3.5647977655675867      -0.29239336830896906        3.5767690715542040        9.8149660038842423       -2.9502215781263561       0.70502572323949808       0.24436164253414028        3.6910952408987994     
   3.1000000000000001        3.4852111641199914      -0.30535454385176947        3.4985623127161176        10.167466450368622       -2.9801089737343931       0.72112535066621453       0.25820916600199723        3.7203685488894096     
   3.2000000000000002        3.4035177599377149      -0.23353557674703179        3.4115204832769228        10.511902896571508       -3.0070534797643331       0.73843426129729606       0.26188029269529345        3.7489428050598370     
   3.2999999999999998        3.4035556881940394      -0.15079472950426248        3.4068945350691830        10.852256568978094       -3.0262699950768979       0.73842603239596261       0.34824628477514413        3.7733443682212089     
   3.3999999999999999        3.4652617012974574      -0.14182378245946900        3.4681627187532680        11.195697438452669       -3.0409009206750843       0.72527685915635709       0.25209100062458079        3.7998189400033775     
   3.5000000000000000        3.4584821240435724      -0.16900508002229109        3.4626090335760229        11.541884629719721       -3.0564423637991722       0.72669860150480581       0.28334889486554377        3.8218346885736572     
   3.6000000000000001        3.4241017132189553      -0.15357121219866010        3.4275438231604203        11.886013821582848       -3.0725711784102199       0.73399517110405488       0.26527908433818009        3.8460889601025516     
   3.7000000000000002        3.3822415390196379      -9.95037626534943098E-002   3.3837048965670946        12.226330984194778       -3.0852249271528276       0.74307943234601792       0.35210494755955574        3.8674790843461468     
   3.7999999999999998        3.4126907727424496      -7.51513903828933405E-002   3.4135181326364652        12.566077599782881       -3.0939576848046468       0.73644941491495264       0.28565027714853175        3.8911019923750958     
   3.8999999999999999        3.4194875490499572      -8.14116888198977012E-002   3.4204565428001263        12.907686515872502       -3.1017858387647865       0.73498560436931615       0.20561439993148037        3.9106812328717662     
   4.0000000000000000        3.3991016073237299      -6.71685257822653703E-002   3.3997651900927699        13.248615973691187       -3.1092148494948946       0.73939364373713190       0.20290011329410704        3.9260954184639272     
   4.0999999999999996        3.3886235969196137      -4.39991311713581190E-002   3.3889092353062886        13.588002233903353       -3.1147732323425759       0.74167993316120895       0.18360372364702551        3.9402436411240531     
   4.2000000000000002        3.3971560287289408      -3.46156976949031012E-002   3.3973323843945993        13.927291215185782       -3.1187039737858888       0.73981710042684901       0.14326447945135334        3.9522851675131694     
   4.2999999999999998        3.3977482063552924      -2.71232545713298683E-002   3.3978564632322463        14.267036426939994       -3.1217909213992003       0.73968816116829961       0.11105390213341923        3.9616829611220581     
   4.4000000000000004        3.3912909157195124      -1.14218964193636540E-002   3.3913101501867242        14.606488383043736       -3.1237181789487352       0.74109658691389690       0.10877884366697320        3.9687621638911934     
   4.5000000000000000        3.3955351475447584      -3.63211633582257278E-003   3.3955370901347672        14.945829686206949       -3.1244708795864944       0.74017025701799355       0.10320339182005674        3.9747619034530759     
   4.5999999999999996        3.4010058868124804       1.42997489036675762E-003   3.4010061874335560        15.285656737924809       -3.1245809866587670       0.73897964499771762       6.91083074446167817E-002   3.9798629288374148     
   4.7000000000000002        3.3982026066845945       1.31908107128157152E-002   3.3982282079879855        15.625617162599664       -3.1238499473786079       0.73958925166144607       5.65211166139132845E-002   3.9826424628365968     
   4.7999999999999998        3.4062313355350744       1.82151055278050242E-002   3.4062800385832119        15.965838859710646       -3.1222796515665769       0.73784598733868201       6.46844776907151003E-002   3.9839838866187676     
   4.9000000000000004        3.4130980663493244       2.45064525984820918E-002   3.4131860448467295        16.306805329804867       -3.1201435736602625       0.73636153254748160       4.84842873249705722E-002   3.9851325770053219     
   5.0000000000000000        3.4155125957587495       3.28637771180981184E-002   3.4156706983597145        16.648235862910269       -3.1172750621744334       0.73584097625425837       3.89018471846867622E-002   3.9847759167240264     
   5.0999999999999996        3.4248975458883879       3.60202728958746721E-002   3.4250869565445772        16.990256369992625       -3.1138308596737350       0.73382461495498941       1.83721184661557492E-002   3.9831744780754299     
   5.2000000000000002        3.4354766422586471       3.62028016393977081E-002   3.4356673882014963        17.333275079399979       -3.1102197059469714       0.73156489901776411      -7.45470154212315907E-003   3.9800860618426879     
   5.2999999999999998        3.4402924203651004       4.49123966279537032E-002   3.4405855694913949        17.677063532531164       -3.1061639460336039       0.73054084239883121      -1.48268111673421025E-002   3.9753015729395127     
   5.4000000000000004        3.4491150407715674       5.05820381154978155E-002   3.4494859192431222        18.021533905588001       -3.1013892242964314       0.72867216464592455      -2.53492276681670792E-002   3.9694986915460264     
   5.5000000000000000        3.4613270269954226       5.02727228045642266E-002   3.4616920912275191        18.367056008976348       -3.0963464862504284       0.72610131988986382      -4.49456146498631512E-002   3.9626931785895341     
   5.5999999999999996        3.4702322003614450       5.16239311117870636E-002   3.4706161635491859        18.713633970344191       -3.0912516535546111       0.72423802724499597      -6.31029021332113194E-002   3.9544553902209469     
   5.7000000000000002        3.4796164171875272       5.58202398357576512E-002   3.4800641244000499        19.061126401221642       -3.0858794450072340       0.72228482152732254      -7.28005314663216357E-002   3.9449136536901128     
   5.7999999999999998        3.4942568877444469       5.34871683377840315E-002   3.4946662322353910        19.409820066468239       -3.0804140745985569       0.71925854440946968      -9.88421400894099189E-002   3.9344610373335125     
   5.9000000000000004        3.5043901612836379       5.74134763150067479E-002   3.5048604408398538        19.759752418919646       -3.0748690423659175       0.71717874072310395      -0.10184384356492522        3.9224600401628344     
   6.0000000000000000        3.5164178030412470       5.83970006912826814E-002   3.5169026678648878        20.110792817135888       -3.0690785185156031       0.71472568495648536      -0.11980508625571142        3.9097947506507715     
   6.0999999999999996        3.5282838260826117       5.72302426670899880E-002   3.5287479448200725        20.463027898592081       -3.0632971563476845       0.71232198053133278       0.27570876129584759        3.8958579424946995     
   6.2000000000000002        3.5438642672650151       5.32737809613388069E-002   3.5442646685223322        20.816635303259464       -3.0577719551662632       0.70919028871595557       0.21491350986637039        3.9015057045959272     
   6.2999999999999998        3.5539166187505327       5.58634303693275464E-002   3.5543556456668552        21.171524347560240       -3.0523150945997299       0.70718432436252210       0.18357964720894585        3.9038524270851025     
   6.4000000000000004        3.5673004921368729       5.40325260712632774E-002   3.5677096735964402        21.527585203104611       -3.0468202967777005       0.70453109526703794       0.13183979101210211        3.9042739805797391     
   6.5000000000000000        3.5815484134826074       5.07619147917137067E-002   3.5819081241864792        21.885027648385584       -3.0415805747345517       0.70172836793458004       8.39389681612820321E-002   3.9020505611096397     
   6.5999999999999996        3.5950968054294883       5.07049270521483936E-002   3.5954543565503201        22.243859909331189       -3.0365072326423586       0.69908385194973521       4.48545401157139992E-002   3.8971517091284755     
   6.7000000000000002        3.6104643554541229       4.79954869624484304E-002   3.6107833538961485        22.604137967375372       -3.0315722119416288       0.69610827733977609       4.88849950473386249E-003   3.8900393503044728     
   6.7999999999999998        3.6308721476189860       4.34879130856764065E-002   3.6311325713804301        22.966204792529027       -3.0269980419392226       0.69219570965063093      -3.30629758714690233E-002   3.8810118810163363     
   6.9000000000000004        3.6504291022419504       4.46468978114348061E-002   3.6507021209596320        23.330269855022074       -3.0225913013943670       0.68848731271846375       0.25293261641333514        3.8699303188304084     
   7.0000000000000000        3.6703797562178995       4.38242406558000119E-002   3.6706413770515942        23.696310297945065       -3.0181677444710053       0.68474498275393958       0.22434056813890579        3.8729362915551295     
   7.0999999999999996        3.6923416463295711       3.96282600215682873E-002   3.6925542964473932        24.064446368072439       -3.0139951194371370       0.68067214889775796       0.19524289200644004        3.8745508160783957     
   7.2000000000000002        3.7148392005008932       3.84420626730494625E-002   3.7150380990994796        24.434805410413965       -3.0100916033024063       0.67654990895244005       0.17709296914527373        3.8745963931611604     
   7.2999999999999998        3.7381478488023663       3.62380995139470474E-002   3.7383234931399585        24.807454762879125       -3.0063575951930566       0.67233138562912675       0.14705002637748726        3.8736188161104304     
   7.4000000000000004        3.7648236621574984       3.22002493171346452E-002   3.7649613627761287        25.182603338427121       -3.0029356777515024       0.66756755386294997       0.11714691377397279        3.8712388576374459     
   7.5000000000000000        3.7909709777956175       3.12082030588460638E-002   3.7910994324109759        25.560393070424777       -2.9997652551327034       0.66296316632137842       9.43833785318520802E-002   3.8673807576871146     
   7.5999999999999996        3.8177392224749434       2.94321990032205237E-002   3.8178526720084092        25.940828580438303       -2.9967332350296001       0.65831477123325954       6.95034260651890140E-002   3.8623101265627540     
   7.7000000000000002        3.8458253979358621       2.69741948739453050E-002   3.8459199937853139        26.324006811458847       -2.9939129153357418       0.65350707918793283       3.93512264273745971E-002   3.8560002749580100     
   7.7999999999999998        3.8759061090226461       2.33627237054660764E-002   3.8759765199002438        26.710093386806772       -2.9913960694067714       0.64843524383143147       1.95154169085805622E-002   3.8483309312654086     
   7.9000000000000004        3.9057711575129850       2.23732098147238281E-002   3.9058352365886781        27.099177250133554       -2.9891092727307620       0.64347705523847731       2.24008625644305003E-003   3.8396724501095458     
   8.0000000000000000        3.9358798469918779       1.95877504423845883E-002   3.9359285880112460        27.491259800358797       -2.9870112247179064       0.63855458514382357      -2.24216829694694648E-002   3.8302134889557737     
   8.0999999999999996        3.9704037526859621       1.53448200484066523E-002   3.9704334049125025        27.886573980342689       -2.9852645961933666       0.63300215278398697      -4.54237641361496108E-002   3.8198260308984788     
   8.1999999999999993        4.0047133549571550       1.54524622690891053E-002   4.0047431670410987        28.285329835724845       -2.9837247320774920       0.62757903003490323      -5.91828519895729530E-002   3.8083240522508661     
   8.3000000000000007        4.0368318890789334       1.40434424593067660E-002   4.0368563163631048        28.687407097926656       -2.9822499368410722       0.62258577813733962      -8.27810763539365557E-002   3.7961459812468661     
   8.4000000000000004        4.0730463447488869       1.02132512763697236E-002   4.0730591497023347        29.092901009618046       -2.9810371021542883       0.61705021503426671      -0.10185240792264681        3.7830724134272242     
   8.5000000000000000        4.1086972059566218       1.01417031797537676E-002   4.1087097225746110        29.501988187153319       -2.9800193544314819       0.61169611604091734      -4.82194521394688005E-002   3.7690541504174071     
   8.5999999999999996        4.1426698215357805       8.37812110338782140E-003   4.1426782934686734        29.914556538527940       -2.9790933632173249       0.60667980581182490      -6.74162979978283616E-002   3.7577754463242590     
   8.6999999999999993        4.1799673184185338       5.31065837019174293E-003   4.1799706920191859        30.330688395525655       -2.9784089242436460       0.60126645292114800      -8.36154911469506879E-002   3.7458395893975132     
   8.8000000000000007        4.2179389169339041       4.28761565115667615E-003   4.2179410961550339        30.750583707293284       -2.9779290105425784       0.59585360821175160      -9.33974879225126925E-002   3.7331985000262402     
   8.9000000000000004        4.2553199490827414       2.99398782075982169E-003   4.2553210023480741        31.174246650594114       -2.9775649303689824       0.59061930781810779      -0.10726293753803381        3.7201702243546442     
   9.0000000000000000        4.2953831084311744       6.03553543190630658E-004   4.2953831508344793        31.601781803469809       -2.9773850533007851       0.58511058488325873       0.15740698197216152        3.7067307270978653     
   9.0999999999999996        4.3353471383824553       3.26220535025819008E-004   4.3353471506559638        32.033318315810490       -2.9773385645968742       0.57971692753756110       0.14905628905429874        3.7066107324694952     
   9.1999999999999993        4.3734034836335178      -5.27583150575955439E-004   4.3734035154558706        32.468755846911286       -2.9773486327276517       0.57467236496179686       0.13684445045047625        3.7061655069011747     
   9.3000000000000007        4.4121981715066694      -2.48634560966950503E-003   4.4121988720547591        32.908035929668301       -2.9774993291656640       0.56961950147710760       0.12765565662441947        3.7053463100091051     
   9.4000000000000004        4.4538679791140741      -4.12070575559092458E-003   4.4538698853461813        33.351339237199340       -2.9778296817339269       0.56429021575348848       0.11735233473846110        3.7043541669616258     
   9.5000000000000000        4.4948584202054329      -4.01408429171659729E-003   4.4948602125721751        33.798775557165314       -2.9782364212362924       0.55914422389236629       0.10288620327696769        3.7029036517126905     
   9.5999999999999996        4.5347599792554520      -5.12739281319034117E-003   4.5347628779919651        34.250256477138358       -2.9786934950915378       0.55422428846707805       8.65097273036564696E-002   3.7008631760179211     
   9.6999999999999993        4.5778988910711114      -6.90476712406491114E-003   4.5779040982396246        34.705889420654685       -2.9792951030884005       0.54900166706910225       7.67776167296146811E-002   3.6983248911298419     
   9.8000000000000007        4.6196102382535216      -6.36786616159941334E-003   4.6196146271194758        35.165764877120921       -2.9799587347526839       0.54404462568296597       6.60960898086063176E-002   3.6953298878841814     
   9.9000000000000004        4.6594778211725316      -7.39836125402413940E-003   4.6594836947614668        35.629719280092225       -2.9806470461234649       0.53938965251676696       5.21860498537576878E-002   3.6919445386125767     
   10.000000000000000        4.7026077409186495      -9.19591203059337559E-003   4.7026167321764678        36.097823558196779       -2.9814767597876957       0.53444264572678757       4.41875271605682990E-002   3.6881960734630854     
   10.100000000000000        4.7460922738504943      -9.35910531476624903E-003   4.7461015017333592        36.570258558935237       -2.9824045106549635       0.52954598812147002       3.65180214363773764E-002   3.6841622979850204     
   10.199999999999999        4.7907137866613789      -8.46129983610393634E-003   4.7907212587774639        37.047098861960826       -2.9832955309125069       0.52461370785068773       1.84343544709162331E-002   3.6796676672788826     
   10.300000000000001        4.8292505553135205      -1.16972915520409618E-002   4.8292647217382481        37.528097079059577       -2.9843034604819141       0.52042736115783705       9.85291690700108684E-003   3.6747982289506296     
   10.400000000000000        4.8790826703394101      -8.78393030430683550E-003   4.8790905772938817        38.013513740342219       -2.9853275215747317       0.51511201852560540      -6.72365427987308036E-003   3.6692156156026554     
   10.500000000000000        4.9138917518965828      -1.03781354131433686E-002   4.9139027111911693        38.503162461454018       -2.9862856248606042       0.51146306222594395      -1.95012526660553430E-002   3.6629951965994980     
   10.600000000000000        4.9650145948766689      -1.43865412575540554E-002   4.9650354379306991        38.997107778792682       -2.9875238586941393       0.50619672406708494      -2.03359586686436659E-002   3.6569706012677159     
   10.699999999999999        5.0141473583350527      -1.07249257284618184E-002   5.0141588282712251        39.496065876453265       -2.9887794320434402       0.50123658984493169      -3.37106143047078838E-002   3.6505178687244513     
   10.800000000000001        5.0452271443416299      -7.33814233594412123E-003   5.0452324809006113        39.999034601587105       -2.9896825854466607       0.49814885454474434      -6.34750098228978044E-002   3.6426774134589475     
   10.900000000000000        5.0831440618661698      -1.48706255470681011E-002   5.0831658136627285        40.505453161897492       -2.9907930238408111       0.49443299113366829      -6.03423834443100049E-002   3.6346232176515589     
   11.000000000000000        5.1529230709985017      -1.93411614221773547E-002   5.1529593687660480        41.017256518540727       -2.9925036131892733       0.48773755948676095      -4.35235452795121949E-002   3.6279820079846510     
   11.100000000000000        5.2059367870727131      -1.03794852749421029E-002   5.2059471342601569        41.535199511444283       -2.9939896455241293       0.48277077222926540      -6.83141980524856057E-002   3.6207967809464465     
   11.199999999999999        5.2358725153016881      -9.38387239209383800E-003   5.2358809243099387        42.057289976562998       -2.9949778134074809       0.48001056471998937      -0.10217577283654070        3.6118923133303347     
   11.300000000000001        5.2712389152353776      -1.08123292263037594E-002   5.2712500043116091        42.582645548089857       -2.9959876234884009       0.47679002285549199      -5.25836600888512831E-003   3.6015598420348254     
   11.400000000000000        5.3039803843748690      -9.18604964274810989E-003   5.3039883391030775        43.111406513070371       -2.9969875424318535       0.47384679820380798      -1.64536787171140515E-002   3.5958343062007101     
   11.500000000000000        5.3365145847732851      -1.17775074876868713E-002   5.3365275810381236        43.643431261527773       -2.9980357202883754       0.47095797883565754      -1.65230430901211096E-002   3.5900600862502303     
   11.600000000000000        5.3917573139803956      -1.84946978153888442E-002   5.3917890339578731        44.179844856465458       -2.9995493305535290       0.46613264961965473       6.28068128196340465E-003   3.5858857517756109     
   11.699999999999999        5.4667423732851423      -1.99469490600057905E-002   5.4667787641945118        44.722769840828732       -3.0014714128972986       0.45973889955994518       1.27879709061971044E-002   3.5836172179365535     
   11.800000000000001        5.5316104643432009      -1.48427605040938500E-002   5.5316303778154401        45.272687482710154       -3.0032108983755035       0.45434763331084443      -1.51412215627756974E-002   3.5808297706311851     
   11.900000000000000        5.5721622084759543      -1.00944230648074302E-002   5.5721713519008578        45.827876116351106       -3.0044577575539484       0.45104109120312952      -4.87261759661467703E-002   3.5755091621667452     
   12.000000000000000        5.5987757352052032      -8.30789082092047229E-003   5.5987818991431038        46.386423013535165       -3.0053778732482348       0.44889708781659554      -6.68173539138384037E-002   3.5679655106239969     
   12.100000000000000        5.6242008456702592      -8.98860872225149161E-003   5.6242080284716369        46.947571842578938       -3.0062426982253934       0.44686777585595228      -6.97835001507740860E-002   3.5596435849860111     
   12.199999999999999        5.6583205265851291      -1.17409412328384425E-002   5.6583327077219172        47.511697911191703       -3.0072791757231481       0.44417316252471623      -6.15707679804861560E-002   3.5518960776206430     
   12.300000000000001        5.7103866346534309      -1.63035655311578563E-002   5.7104099085334994        48.080133269253636       -3.0086814010613478       0.44012328475624624      -4.42027046061411188E-002   3.5458202862310384     
   12.400000000000000        5.7823997319396554      -1.94444094228779611E-002   5.7824324245937886        48.654772587583288       -3.0104687998090496       0.43464205855391091      -3.15163997971343243E-002   3.5416774982679429     
   12.500000000000000        5.8615621172402079      -1.90625071480339768E-002   5.8615931139447301        49.236970680042276       -3.0123941456375953       0.42877207007321733      -3.56833120257779579E-002   3.5384014654398444     
   12.600000000000000        5.9311313495120217      -1.52728112666704365E-002   5.9311510134145360        49.826605353379883       -3.0141109115583307       0.42374278611762861      -5.74988148642494451E-002   3.5342057814887760     
   12.699999999999999        5.9806007967823813      -1.10957794062010433E-002   5.9806110897461542        50.422191960694597       -3.0154293410919744       0.42023773334344589      -8.33887006761586252E-002   3.5279171679216472     
   12.800000000000001        6.0152044337711432      -8.83880219630918049E-003   6.0152109276802825        51.021982222222285       -3.0164260701720997       0.41782023379979699       0.12900863907929297        3.5197082104847150     
   12.900000000000000        6.0444157711986266      -8.51141301651166943E-003   6.0444217638469135        51.624963232470769       -3.0172935809327406       0.41580100013097615       0.12046267306818195        3.5220107004801546     
   13.000000000000000        6.0768764078375694      -9.43774553537936149E-003   6.0768837365193704        52.231027841422573       -3.0181910388603352       0.41357993057590792       0.11816936463688560        3.5241782162399136     
   13.100000000000000        6.1143251085059172      -9.93114587945041760E-003   6.1143331737945372        52.840587917239745       -3.0191594834310767       0.41104685771051069       0.11430037634486478        3.5264967166570007     
   13.199999999999999        6.1534725715925918      -9.72412587625811134E-003   6.1534802549424343        53.453977801244669       -3.0201422470188621       0.40843183968582625       0.10711275022087001        3.5287133867825768     
   13.300000000000001        6.1907394151888919      -8.82060413402219363E-003   6.1907456990115977        54.071188400583750       -3.0210694835193763       0.40597317288231383       9.68399825639145589E-002   3.5304597207249437     
   13.400000000000000        6.2233203495441840      -7.74250249316602978E-003   6.2233251658093200        54.691891388820402       -3.0218976388507359       0.40384778248735254       8.58894589811192155E-002   3.5314962233135496     
   13.500000000000000        6.2533602304025262      -7.51895801457321076E-003   6.2533647507489567        55.315725417817738       -3.0226607118761231       0.40190777922129334       7.94812433927286482E-002   3.5319855762220111     
   13.600000000000000        6.2859907554179708      -8.25284299444949999E-003   6.2859961729719247        55.942692967108762       -3.0234493019265742       0.39982147932775963       7.87205134117758276E-002   3.5324348812694581     
   13.699999999999999        6.3265437306099841      -9.95242800678306123E-003   6.3265515587991317        56.573319691410155       -3.0243595654766358       0.39725863439649584       8.35998652802109332E-002   3.5334298605143717     
   13.800000000000001        6.3804547135073886      -1.24422057102602426E-002   6.3804668449574740        57.208669613616031       -3.0254792971624878       0.39390203923103578       9.32984462491637384E-002   3.5355194081322390     
   13.900000000000000        6.4488380286891944      -1.43564107097742099E-002   6.4488540087984934        57.850134250725858       -3.0268192279834896       0.38972511198000864       0.10080318350249140        3.5388496849487208     
   14.000000000000000        6.5264705901912770      -1.51117064115094558E-002   6.5264880853566520        58.498899681669883       -3.0282926338395537       0.38508932019843450       0.10225685799175599        3.5429999327682631     
   14.100000000000000        6.6069977270171991      -1.46995651012559337E-002   6.6070140791453289        59.155573097530308       -3.0297831974151919       0.38039579045026845       9.73979927917015958E-002   3.5473189064627300     
   14.199999999999999        6.6836299790594369      -1.30530221896599397E-002   6.6836427252188111        59.820104482834140       -3.0311708267797375       0.37603430033472895       8.58888470078890964E-002   3.5511157489188396     
   14.300000000000001        6.7492578890639594      -1.03494456126057167E-002   6.7492658240816521        60.491748876240322       -3.0323409501698508       0.37237784719178885       6.83536917530878640E-002   3.5537168820304896     
   14.400000000000000        6.8009470080011596      -7.82743947069727657E-003   6.8009515124318147        61.169259121093575       -3.0332497944240160       0.36954767033400271       5.08336149053089589E-002   3.5548027557073874     
   14.500000000000000        6.8414300772909957      -5.95103432038186948E-003   6.8414326655512268        61.851377975358183       -3.0339387181135700       0.36736093104484624       3.65426818564105332E-002   3.5545276827296441     
   14.600000000000000        6.8742523392725596      -4.70456262607610570E-003   6.8742539491135881        62.537162096186357       -3.0344714979608929       0.36560690513403404       2.57585019676829646E-002   3.5532305395751536     
   14.699999999999999        6.9030599119526039      -4.08656267471511903E-003   6.9030611215606070        63.226027708747615       -3.0349110542259323       0.36408116906534688       1.86462748310356682E-002   3.5512737379548458     
   14.800000000000001        6.9316665194214382      -4.09808825033087382E-003   6.9316677308419381        63.917764030316327       -3.0353202867721847       0.36257862605335039       1.54805046613770373E-002   3.5490376052183708     
   14.900000000000000        6.9633835203937391      -4.44834560126114529E-003   6.9633849412386857        64.612516532307083       -3.0357476084647641       0.36092714346569887       1.49070542789854765E-002   3.5468449096786192     
   15.000000000000000        6.9986502371517103      -4.66292966427465927E-003   6.9986517905162806        65.310618220184352       -3.0362031722280407       0.35910840486503282       1.42862877795824749E-002   3.5448112010275983     
   15.100000000000000        7.0364308469993393      -4.70683202571255468E-003   7.0364324212537959        66.012372274391907       -3.0366716603125399       0.35718024912354696       1.29437178216976184E-002   3.5428900269046522     
   15.199999999999999        7.0756769270454445      -4.58958865110154542E-003   7.0756784155476744        66.717977663094146       -3.0371364813463804       0.35519910657103587       1.08358229160432067E-002   3.5409991731737138     
   15.300000000000001        7.1153111073254705      -4.31455207002136732E-003   7.1153124154452119        67.427527064812708       -3.0375816883824367       0.35322055282787673       7.84949315312677594E-003   3.5390537863702991     
   15.400000000000000        7.1542042083544031      -3.87984552215771663E-003   7.1542052604071351        68.141002830596705       -3.0379914082620458       0.35130030534170803       3.86578085748884607E-003   3.5369618000706313     
   15.500000000000000        7.1912866771123243      -3.35682637893568864E-003   7.1912874605800976        68.858277374870042       -3.0383532418571004       0.34948879605520672      -8.04451227911735030E-004   3.5346423547008472     
   15.600000000000000        7.2267058808622346      -3.00292646163059307E-003   7.2267065047680008        69.579177002768773       -3.0386712294991289       0.34777589738742348      -4.77297015089417093E-003   3.5320993015751130     
   15.699999999999999        7.2617941474841965      -2.87415426186365432E-003   7.2617947162666647        70.303602004186089       -3.0389650835353037       0.34609547886214082      -7.45998438468986180E-003   3.5294313100503034     
   15.800000000000001        7.2979962109466063      -2.96027888102992067E-003   7.2979968113340581        71.031591522107647       -3.0392568051924482       0.34437865548656449      -8.82152289613059339E-003   3.5267671275220445     
   15.900000000000000        7.3367937962465879      -3.25709672364181196E-003   7.3367945192244202        71.763331022467298       -3.0395676739726820       0.34255755206826094      -8.81748820326582437E-003   3.5242370378462593     
   16.000000000000000        7.3797225820977106      -3.76264188079590339E-003   7.3797235413121554        72.499156841384504       -3.0399186609029041       0.34056485117323043      -7.38928445325597733E-003   3.5219727279858839     
   16.100000000000001        7.4283973982305467      -4.48443752660466696E-003   7.4283987518319368        73.239562840400922       -3.0403310148732743       0.33833328888280795      -4.44831586095829727E-003   3.5201101507465200     
   16.199999999999999        7.4844336761367645      -5.35711706707346462E-003   7.4844355933626252        73.985204394119265       -3.0408230926029582       0.33580017294897180      -3.08627549910534492E-004   3.5187714737830142     
   16.300000000000001        7.5479713384617932      -6.04479142171806746E-003   7.5479737589464397        74.736824644849207       -3.0413931880273979       0.33297345871798401       3.23187468525342999E-003   3.5179705017079765     
   16.399999999999999        7.6174117785600330      -6.44554023177616731E-003   7.6174145055349332        75.495093800700289       -3.0420177046100725       0.32993806767092410       5.30272160772908389E-003   3.5175902553173497     
   16.500000000000000        7.6909238515861587      -6.56329827453874543E-003   7.6909266520869330        76.260510582207615       -3.0426681465353882       0.32678442426048759       5.83002128669184595E-003   3.5174661587766209     
   16.600000000000001        7.7665836680268212      -6.39192312648356135E-003   7.7665862983129346        77.033385958188276       -3.0433159076054395       0.32360098471846593       4.77252019590036335E-003   3.5174283379475249     
   16.699999999999999        7.8423389432911836      -5.92307938036802997E-003   7.8423411800514540        77.813832088754154       -3.0439316577307820       0.32047507013476417       2.05407608422403980E-003   3.5173031035748270     
   16.800000000000001        7.9160040571651376      -5.14783492320608146E-003   7.9160057310021772        78.601749238776975       -3.0444852034459609       0.31749277851834284      -2.39541824502851339E-003   3.5169110878373706     
   16.899999999999999        7.9852471195835273      -4.05246403314729869E-003   7.9852481478838060        79.396811797614390       -3.0449452183937784       0.31473967996658758      -8.67292513597569398E-003   3.5160660389831109     
   17.000000000000000        8.0477125816578958      -2.70361023060660451E-003   8.0477130357936524        80.198459782676480       -3.0452830221069660       0.31229670510351143      -1.64844949795497873E-002   3.5145943232358330     
   17.100000000000001        8.1025124976644900      -1.41617817381207273E-003   8.1025126214261380        81.005971036642606       -3.0454890115271871       0.31018454135013968      -2.42531399578718096E-002   3.5124239082291555     
   17.199999999999999        8.1503986800740424      -2.81926267110439721E-004   8.1503986849500265        81.818616595529519       -3.0455739167492331       0.30836210859430041      -3.12276662283138551E-002   3.5095974262645289     
   17.300000000000001        8.1923146875423978       7.01304659157268189E-004   8.1923147175600572        82.635752263910348       -3.0455529478296306       0.30678437276019588      -3.73410947788472697E-002   3.5061984497094030     
   17.399999999999999        8.2292491871504101       1.53153223987228496E-003   8.2292493296659011        83.456830457644969       -3.0454413059846792       0.30540746375698469      -4.25721157859323962E-002   3.5023150142242305     
   17.500000000000000        8.2622426342922104       2.20813468501237500E-003   8.2622429293609301        84.281405048717119       -3.0452543226384350       0.30418788628169302      -4.68862799306063796E-002   3.4980371047196384     
   17.600000000000001        8.2923766374322767       2.73140823805381912E-003   8.2923770872786289        85.109136012303352       -3.0450073454922815       0.30308248560813883      -5.02633296920149339E-002   3.4934572435668678     
   17.699999999999999        8.3207662848173438       3.10216209032013537E-003   8.3207668630939686        85.939793158415810       -3.0447156669758626       0.30204839756859070      -5.26892090319444686E-002   3.4886697261734829     
   17.800000000000001        8.3485600605016383       3.31968444122355882E-003   8.3485607205139196        86.773259475681769       -3.0443945746492855       0.30104282710530322      -5.41406168379362715E-002   3.4837707340901090     
   17.899999999999999        8.3768988022185003       3.40581505327263497E-003   8.3768994945735091        87.609532418817764       -3.0440582996745609       0.30002441025146803      -5.47110728615175165E-002   3.4788522934853798     
   18.000000000000000        8.4064600918105761       3.44686375202066459E-003   8.4064607984617172        88.448700363519237       -3.0437156657342963       0.29896937538789026      -5.48479985323514982E-002   3.4739766794741862     
   18.100000000000001        8.4374503241283154       3.46488583269108710E-003   8.4374510355655907        89.290895884316200       -3.0433700782550606       0.29787127939404895      -5.47552620696869982E-002   3.4691745929953739     
   18.199999999999999        8.4700492965943006       3.45792935027938947E-003   8.4700500024505754        90.136270865352316       -3.0430239374959123       0.29672485187097908      -5.44498208092981176E-002   3.4644662880307906     
   18.300000000000001        8.5044474893335558       3.42539318275065022E-003   8.5044481791677864        90.984995704648725       -3.0426797713692606       0.29552468000114435      -5.39359082056435832E-002   3.4598714290768182     
   18.399999999999999        8.5408416641034286       3.36649067271232788E-003   8.5408423275777938        91.837260162320561       -3.0423401771764875       0.29426539230143478      -5.32201446894632474E-002   3.4554097675285629     
   18.500000000000000        8.5794360355129626       3.28027954952241551E-003   8.5794366626074172        92.693274047301387       -3.0420078386653757       0.29294164703467790      -5.23047118153651749E-002   3.4511010285757111     
   18.600000000000001        8.6204431493908658       3.16566489170762430E-003   8.6204437306506509        93.553268006546588       -3.0416855414433144       0.29154813497603388      -5.11893779655385531E-002   3.4469651482549328     
   18.699999999999999        8.6640848911806643       3.02138147878321540E-003   8.6640854179960112        94.417494408575152       -3.0413761891247897       0.29007958191062322      -4.98729715657136932E-002   3.4430224202972024     
   18.800000000000001        8.7105936255551732       2.84597370204223718E-003   8.7105940904813561        95.286228334411959       -3.0410828213657486       0.28853075127949734      -4.83537844317161736E-002   3.4392935725484430     
   18.899999999999999        8.7602134816398003       2.63777295900575375E-003   8.7602138787674519        96.159768689771695       -3.0408086340326963       0.28689644700318212      -4.66295267575450451E-002   3.4357998245778023     
   19.000000000000000        8.8132018032145751       2.39487296027969315E-003   8.8132021286023576        97.038439454014423       -3.0405570017367318       0.28517151643516542      -4.46971594088210467E-002   3.4325629497939825     
   19.100000000000001        8.8698307860116650       2.11510265609212962E-003   8.8698310381956862        97.922591083475751       -3.0403315029559130       0.28335085341599087      -4.25527169364006350E-002   3.4296053492580962     
   19.199999999999999        8.9303893280477826       1.79599613500677031E-003   8.9303895086447298        98.812602089178711       -3.0401359480163581       0.28142940140116440      -4.01911739247588981E-002   3.4269501380004956     
   19.300000000000001        8.9951851234384250       1.43475854766662381E-003   8.9951852378625343        99.708880811753033       -3.0399744102822246       0.27940215664078866      -3.76063834908835631E-002   3.4246212414066730     
   19.399999999999999        9.0645470358917599       1.02822684532763334E-003   9.0645470942096456        100.61186741971953       -3.0398512610125747       0.27726417138333942      -3.47910865224637378E-002   3.4226434975657773     
   19.500000000000000        9.1388277915393346       5.72825635199824060E-004   9.1388278094918114        101.52203616109109       -3.0397712083885482       0.27501055717436834       4.02273028920692999E-002   3.4210427610897991     
   19.600000000000001        9.2184070536784137       6.44974385724272382E-005   9.2184070539040448        102.43989790335199       -3.0397393422348595       0.27263648787009948       4.24492373712478457E-002   3.4234442247389660     
   19.699999999999999        9.3036951185494861      -5.01260315747300168E-004   9.3036951320528249        103.36600301196337       -3.0397611803787181       0.27013719719393303       4.49290037082520424E-002   3.4262238395071885     
   19.800000000000001        9.3951324845461741      -1.12851828701105166E-003   9.3951325523234797        104.30094439211817       -3.0398426693088560       0.26750810880057924       4.76636779635966901E-002   3.4294107378990208     
   19.899999999999999        9.4932473863932341      -1.84511575649951151E-003   9.4932475657023776        105.24536338566512       -3.0399913510110315       0.26474335078153921       5.07671662321688491E-002   3.4330415105482071     
   20.000000000000000        9.5983162886290909      -2.43948024215750970E-003   9.5983165986346997        106.19994156941624       -3.0402055808109645       0.26184531195843730       5.31418118035544770E-002   3.4370930526539558     
